#crossscan#source taua       053436.1 +220049.4 0000.0 2026.042.17:21:51
#crossscan#site   uclo     -0.2500  51.6133  3.00 xxxx 0  0.00  0.00
#crossscan#crossscan  hor 8 1 5 bbcs
#crossscan#lon  1/ 8 62529.27 -4.0  0.0 00865.3 00046.1 216.3 011.5
#crossscan#lon  2/ 8 62547.26 -3.0  0.0 00864.8 00046.1 216.2 011.5
#crossscan#lon  3/ 8 62565.26 -2.0  0.0 00863.6 00046.2 215.9 011.5
#crossscan#lon  4/ 8 62583.26 -1.0  0.0 00866.2 00047.0 216.6 011.8
#crossscan#lon  5/ 8 62601.26  0.0  0.0 00867.3 00047.1 216.8 011.8
#crossscan#lon  6/ 8 62619.27  1.0  0.0 00867.3 00046.5 216.8 011.6
#crossscan#lon  7/ 8 62637.26  2.0  0.0 00867.7 00046.1 216.9 011.5
#crossscan#lon  8/ 8 62654.82  3.0  0.0 00871.1 00047.2 217.8 011.8
#crossscan#lat  1/ 8 62688.27  0.0 -4.0 00880.7 00048.5 220.6 012.6
#crossscan#lat  2/ 8 62701.74  0.0 -3.0 00874.1 00046.4 218.5 011.6
#crossscan#lat  3/ 8 62716.26  0.0 -2.0 00877.6 00047.8 219.6 012.0
#crossscan#lat  4/ 8 62729.77  0.0 -1.0 00870.1 00046.5 217.5 011.7
#crossscan#lat  5/ 8 62743.76  0.0  0.0 00868.0 00046.6 217.0 011.7
#crossscan#lat  6/ 8 62757.76  0.0  1.0 00871.8 00048.2 218.0 012.1
#crossscan#lat  7/ 8 62771.75  0.0  2.0 00869.3 00046.8 217.3 011.7
#crossscan#lat  8/ 8 62786.26  0.0  3.0 00867.4 00046.1 216.9 011.5
