#crossscan#source taua       053446.1 +220227.3 0000.0 2026.042.17:07:55
#crossscan#site   uclo     -0.2500  51.6133  3.00 xxxx 0  0.00  0.00
#crossscan#crossscan  hor 8 1 5 if
#crossscan#lon  1/ 8 61708.68 -4.0  0.0 00428.0 00019.9 107.0 005.0
#crossscan#lon  2/ 8 61725.69 -3.0  0.0 00427.8 00019.9 107.0 005.0
#crossscan#lon  3/ 8 61743.05 -2.0  0.0 00429.6 00020.2 107.4 005.1
#crossscan#lon  4/ 8 61759.69 -1.0  0.0 00425.6 00019.8 106.4 004.9
#crossscan#lon  5/ 8 61776.66  0.0  0.0 00425.9 00019.8 106.5 004.9
#crossscan#lon  6/ 8 61793.68  1.0  0.0 00426.2 00019.8 106.6 004.9
#crossscan#lon  7/ 8 61810.68  2.0  0.0 00426.0 00019.8 106.5 004.9
#crossscan#lon  8/ 8 61827.69  3.0  0.0 00427.0 00019.9 106.8 005.0
#crossscan#lat  1/ 8 61859.69  0.0 -4.0 00426.8 00019.8 106.7 004.9
#crossscan#lat  2/ 8 61874.24  0.0 -3.0 00426.8 00019.8 106.7 004.9
#crossscan#lat  3/ 8 61888.23  0.0 -2.0 00427.7 00019.8 106.9 004.9
#crossscan#lat  4/ 8 61902.23  0.0 -1.0 00426.8 00019.8 106.7 005.0
#crossscan#lat  5/ 8 61916.23  0.0  0.0 00426.4 00019.8 106.6 005.0
#crossscan#lat  6/ 8 61930.22  0.0  1.0 00426.0 00020.1 106.5 005.0
#crossscan#lat  7/ 8 61944.69  0.0  2.0 00425.1 00019.9 106.3 005.0
#crossscan#lat  8/ 8 61957.68  0.0  3.0 00424.0 00019.8 106.0 004.9
