#onoff#source taua       053437.5 +220042.5 0000.0 2026.042.16:45:36
#onoff#site   uclo     -0.2500  51.6133  3.00 xxxx 0  0.00  0.00
#onoff#onoff  3 16 2u 3u 4 60 10 10 0.0704 0.0704 1 1
#onoff#origin 0.0000 0.0000 0.0000 0.0000 0.0000 0.0000
#onoff#on  1  60344.5  0 0  1059.88   816.19   909.69   03.31  02.07  01.93 
#onoff#on  1  60344.5  0 0  1229.69    40.44    54.88   04.00  00.61  00.33 
#onoff#on  1  60344.5  0 0    47.94   00.24 
#onoff#off 1  60370.06 0 0 1069.62 820.06 912.25  03.46 01.43 01.79 
#onoff#off 1  60370.06 0 0 1234.50 40.00 53.38  03.87 00.00 00.48 
#onoff#off 1  60370.06 0 0 47.06  00.24 
#onoff#cal 1  60378.6  0 0 1069.62 820.06 912.31  02.60 01.92 02.11 
#onoff#cal 1  60378.6  0 0 1233.38 40.00 53.62  05.61 00.00 00.48 
#onoff#cal 1  60378.6  0 0 47.00  00.00 
#onoff#on  2  60403.6  0 0  1057.94   813.62   909.75   03.23  01.36  02.44 
#onoff#on  2  60403.6  0 0  1232.31    40.00    54.31   04.48  00.00  00.46 
#onoff#on  2  60403.6  0 0    47.56   00.50 
#onoff#off 2  60428.86 0 0 1070.38 821.25 914.12  03.46 01.95 02.12 
#onoff#off 2  60428.86 0 0 1234.25 40.00 53.75  03.82 00.00 00.43 
#onoff#off 2  60428.87 0 0 47.56  00.50 
#onoff#cal 2  60437.46 0 0 1070.44 820.75 914.25  04.61 01.60 01.68 
#onoff#cal 2  60437.46 0 0 1232.38 40.00 53.62  04.27 00.00 00.48 
#onoff#cal 2  60437.46 0 0 47.19  00.39 
#onoff#on  3  60463.63 0 0  1060.50   813.88   909.31   02.69  01.69  02.31 
#onoff#on  3  60463.64 0 0  1231.38    40.12    54.25   06.31  00.33  00.43 
#onoff#on  3  60463.64 0 0    47.31   00.46 
#onoff#off 3  60488.61 0 0 1070.06 819.69 912.62  02.99 01.40 01.41 
#onoff#off 3  60488.62 0 0 1233.19 40.00 53.06  04.75 00.00 00.24 
#onoff#off 3  60488.62 0 0 47.00  00.00 
#onoff#cal 3  60497.05 0 0 1069.69 819.88 913.31  04.50 01.87 01.31 
#onoff#cal 3  60497.05 0 0 1234.38 40.00 53.19  04.23 00.00 00.39 
#onoff#cal 3  60497.05 0 0 47.06  00.24 
#onoff#sefd              93.90 38.42 0.00  0.00   0.00  0.00  
#onoff#sefd              93.90 38.42 0.00  0.00   0.00  0.00  
#onoff#sefd              93.90 38.42 0.00  0.00   0.00  0.00  
#onoff#sefd              93.90 38.42 0.00   0.00  
#onoff#fluxsrc  taua     93.90 38.42 -0.33 -0.33  0.47  0.47  
#onoff#fluxsrc  taua     93.90 38.42 0.00  0.00   0.00  0.00  
#onoff#fluxsrc  taua     93.90 38.42 -1.00 0.00   0.00  0.00  
#onoff#fluxsrc  taua     93.90 38.42 0.00   0.00  
