#onoff#source gal        015221.5 +620201.6 0000.0 2026.036.17:16:25
#onoff#site   uclo     -0.2500  51.6133  3.00 xxxx 0  0.00  0.00
#onoff#onoff  10 3 2u 3u 0 60 10 10 0.0704 0.0704 1 1
#onoff#origin 0.0000 0.0000 0.0000 0.0000 0.0000 0.0000
#onoff#on  1  62186.67 0 0  1103.00   861.00   921.00   13.59  11.34  05.72 
#onoff#on  1  62186.67 0 0  1298.33    45.00    61.67   00.47  00.00  00.47 
#onoff#on  1  62186.67 0 0    53.67   00.47 
#onoff#off 1  62189.07 0 0 1089.67 853.33 917.33  02.87 00.94 00.47 
#onoff#off 1  62189.07 0 0 1304.33 44.00 61.00  02.05 00.00 00.00 
#onoff#off 1  62189.07 0 0 53.00  00.00 
#onoff#cal 1  62191.36 0 0 1088.67 855.33 919.33  03.68 04.71 02.05 
#onoff#cal 1  62191.36 0 0 1299.33 44.33 61.00  04.71 00.47 00.00 
#onoff#cal 1  62191.36 0 0 53.00  00.00 
#onoff#on  2  62194.25 0 0  1088.00   853.00   917.00   01.63  01.63  00.82 
#onoff#on  2  62194.25 0 0  1301.67    44.00    60.67   00.94  00.00  00.47 
#onoff#on  2  62194.25 0 0    53.00   00.00 
#onoff#off 2  62196.62 0 0 1086.67 851.67 919.67  04.19 01.89 02.87 
#onoff#off 2  62196.63 0 0 1305.33 44.33 61.00  01.25 00.47 00.00 
#onoff#off 2  62196.63 0 0 53.00  00.00 
#onoff#cal 2  62198.81 0 0 1083.33 852.33 918.00  03.86 01.25 00.82 
#onoff#cal 2  62198.81 0 0 1300.00 44.00 61.00  02.16 00.00 00.00 
#onoff#cal 2  62198.82 0 0 52.67  00.47 
#onoff#on  3  62201.64 0 0  1088.00   855.33   916.67   01.41  00.47  01.25 
#onoff#on  3  62201.64 0 0  1298.33    44.67    61.00   06.85  00.47  00.00 
#onoff#on  3  62201.65 0 0    53.00   00.00 
#onoff#off 3  62203.94 0 0 1086.00 851.33 917.00  00.82 01.89 00.82 
#onoff#off 3  62203.94 0 0 1302.00 45.00 61.00  03.74 00.00 00.00 
#onoff#off 3  62203.94 0 0 53.00  00.00 
#onoff#cal 3  62206.25 0 0 1086.33 848.67 914.00  04.99 00.47 01.63 
#onoff#cal 3  62206.25 0 0 1294.67 45.00 61.00  03.86 00.00 00.00 
#onoff#cal 3  62206.25 0 0 53.00  00.00 
#onoff#on  4  62209.07 0 0  1084.67   847.67   914.67   02.49  02.05  01.25 
#onoff#on  4  62209.07 0 0  1296.67    44.00    61.00   03.40  00.00  00.00 
#onoff#on  4  62209.07 0 0    53.00   00.00 
#onoff#off 4  62211.38 0 0 1082.67 848.00 914.00  03.30 00.82 01.63 
#onoff#off 4  62211.38 0 0 1298.33 44.00 60.33  01.25 00.00 00.47 
#onoff#off 4  62211.39 0 0 53.00  00.00 
#onoff#cal 4  62213.67 0 0 1085.67 845.67 913.33  04.78 01.25 01.25 
#onoff#cal 4  62213.68 0 0 1301.00 43.33 60.00  02.16 00.47 00.00 
#onoff#cal 4  62213.68 0 0 53.00  00.00 
#onoff#on  5  62216.69 0 0  1084.67   850.67   913.00   02.87  01.25  01.41 
#onoff#on  5  62216.69 0 0  1306.00    44.00    60.00   01.63  00.00  00.00 
#onoff#on  5  62216.7  0 0    53.00   00.00 
#onoff#off 5  62219.17 0 0 1086.33 851.67 914.33  02.05 03.40 00.94 
#onoff#off 5  62219.18 0 0 1301.67 44.00 60.00  05.91 00.00 00.00 
#onoff#off 5  62219.18 0 0 53.00  00.00 
#onoff#cal 5  62221.36 0 0 1081.67 852.67 916.33  03.86 01.25 00.94 
#onoff#cal 5  62221.37 0 0 1304.00 44.00 60.33  02.94 00.00 00.47 
#onoff#cal 5  62221.37 0 0 53.00  00.00 
#onoff#on  6  62224.36 0 0  1087.67   853.33   914.67   04.92  01.70  00.47 
#onoff#on  6  62224.36 0 0  1303.00    44.00    61.00   03.74  00.00  00.00 
#onoff#on  6  62224.36 0 0    53.00   00.00 
#onoff#off 6  62227.19 0 0 1084.33 852.00 916.67  00.47 00.82 02.49 
#onoff#off 6  62227.2  0 0 1299.33 43.67 60.00  02.62 00.47 00.00 
#onoff#off 6  62227.2  0 0 53.00  00.00 
#onoff#cal 6  62229.9  0 0 1091.00 851.33 918.00  02.16 00.47 00.82 
#onoff#cal 6  62229.91 0 0 1299.33 44.00 61.00  04.71 00.00 00.00 
#onoff#cal 6  62229.91 0 0 53.00  00.00 
#onoff#on  7  62232.82 0 0  1087.67   857.00   917.33   02.62  00.82  01.70 
#onoff#on  7  62232.82 0 0  1298.00    44.00    61.00   05.35  00.00  00.00 
#onoff#on  7  62232.83 0 0    53.00   00.00 
#onoff#off 7  62235.17 0 0 1084.00 854.00 916.67  02.94 02.16 01.25 
#onoff#off 7  62235.18 0 0 1294.33 44.00 61.00  01.25 00.00 00.00 
#onoff#off 7  62235.18 0 0 53.00  00.00 
#onoff#cal 7  62237.41 0 0 1087.00 852.33 915.00  03.56 01.89 00.82 
#onoff#cal 7  62237.41 0 0 1301.00 44.00 60.67  04.97 00.00 00.47 
#onoff#cal 7  62237.41 0 0 53.00  00.00 
#onoff#on  8  62240.25 0 0  1087.67   853.00   919.33   02.49  00.82  01.70 
#onoff#on  8  62240.25 0 0  1303.67    44.33    61.00   03.30  00.47  00.00 
#onoff#on  8  62240.25 0 0    53.33   00.47 
#onoff#off 8  62242.63 0 0 1086.00 852.33 917.00  01.41 01.70 01.41 
#onoff#off 8  62242.64 0 0 1300.67 43.67 61.00  02.36 00.47 00.00 
#onoff#off 8  62242.64 0 0 53.00  00.00 
#onoff#cal 8  62244.81 0 0 1087.00 853.00 920.33  06.48 01.41 00.47 
#onoff#cal 8  62244.82 0 0 1298.67 44.00 60.67  03.30 00.00 00.47 
#onoff#cal 8  62244.82 0 0 53.00  00.00 
#onoff#on  9  62247.74 0 0  1086.00   853.33   917.67   01.41  00.47  00.47 
#onoff#on  9  62247.74 0 0  1301.00    44.00    60.33   01.41  00.00  00.47 
#onoff#on  9  62247.74 0 0    53.00   00.00 
#onoff#off 9  62250.11 0 0 1092.00 858.33 921.33  06.53 04.64 02.62 
#onoff#off 9  62250.11 0 0 1299.33 44.67 61.67  05.44 00.47 00.47 
#onoff#off 9  62250.11 0 0 53.67  00.47 
#onoff#cal 9  62252.37 0 0 1089.33 858.67 924.67  02.62 02.87 01.25 
#onoff#cal 9  62252.37 0 0 1304.33 44.00 61.33  03.68 00.00 00.47 
#onoff#cal 9  62252.37 0 0 53.00  00.00 
#onoff#on  10 62255.23 0 0  1094.00   870.00   938.33   02.94  02.94  02.87 
#onoff#on  10 62255.23 0 0  1299.67    44.67    62.00   02.62  00.47  00.82 
#onoff#on  10 62255.23 0 0    54.33   00.47 
#onoff#off 10 62257.64 0 0 1090.33 861.67 934.33  04.50 09.67 06.24 
#onoff#off 10 62257.64 0 0 1306.00 45.00 61.67  00.82 00.00 00.47 
#onoff#off 10 62257.64 0 0 54.00  00.00 
#onoff#cal 10 62259.84 0 0 1087.00 854.33 925.33  01.63 02.49 00.47 
#onoff#cal 10 62259.84 0 0 1302.00 44.67 61.33  00.82 00.47 00.47 
#onoff#cal 10 62259.84 0 0 53.67  00.47 
#onoff#sefd              342.85 78.93 0.00  0.00   0.00  0.00  
#onoff#sefd              342.85 78.93 0.00  0.00   0.00  0.00  
#onoff#sefd              342.85 78.93 0.00  0.00   0.00  0.00  
#onoff#sefd              342.85 78.93 0.00   0.00  
#onoff#fluxsrc  gal      342.85 78.93 0.00  0.00   0.00  0.00  
#onoff#fluxsrc  gal      342.85 78.93 0.00  -0.10  0.00  0.30  
#onoff#fluxsrc  gal      342.85 78.93 -0.30 -0.30  0.46  0.46  
#onoff#fluxsrc  gal      342.85 78.93 -0.70  0.46  
