#onoff#source gal        030720.7 +581753.8 0000.0 2026.036.17:22:59
#onoff#site   uclo     -0.2500  51.6133  3.00 xxxx 0  0.00  0.00
#onoff#onoff  10 3 2u 3u 0 60 10 10 0.0704 0.0704 1 1
#onoff#origin 0.0000 0.0000 0.0000 0.0000 0.0000 0.0000
#onoff#on  1  62581.16 0 0  1089.33   858.67   924.33   00.47  01.70  03.40 
#onoff#on  1  62581.16 0 0  1295.00    45.33    62.67   06.98  00.47  00.47 
#onoff#on  1  62581.17 0 0    56.33   00.47 
#onoff#off 1  62583.36 0 0 1095.33 859.67 923.33  04.03 04.03 02.87 
#onoff#off 1  62583.36 0 0 1302.00 48.33 66.33  03.56 02.49 03.30 
#onoff#off 1  62583.36 0 0 59.33  02.49 
#onoff#cal 1  62585.36 0 0 1089.67 856.00 922.00  04.11 01.63 00.82 
#onoff#cal 1  62585.36 0 0 1298.67 45.00 61.67  01.25 00.00 00.47 
#onoff#cal 1  62585.36 0 0 56.00  00.00 
#onoff#on  2  62588.25 0 0  1088.00   860.67   926.33   05.72  03.77  02.36 
#onoff#on  2  62588.25 0 0  1300.33    45.00    62.00   01.25  00.00  00.00 
#onoff#on  2  62588.25 0 0    55.33   00.47 
#onoff#off 2  62590.38 0 0 1089.00 859.00 928.33  02.16 01.41 03.09 
#onoff#off 2  62590.38 0 0 1303.00 46.00 63.00  00.82 00.82 00.82 
#onoff#off 2  62590.38 0 0 56.67  00.47 
#onoff#cal 2  62592.43 0 0 1089.67 857.33 923.33  01.89 02.05 02.49 
#onoff#cal 2  62592.43 0 0 1298.33 46.00 63.67  03.30 01.41 01.70 
#onoff#cal 2  62592.44 0 0 56.67  01.25 
#onoff#on  3  62595.37 0 0  1088.67   856.33   925.33   06.55  01.70  03.30 
#onoff#on  3  62595.37 0 0  1298.33    45.33    62.67   02.05  00.47  00.94 
#onoff#on  3  62595.37 0 0    57.00   00.00 
#onoff#off 3  62597.77 0 0 1095.00 865.33 927.33  08.52 04.50 03.40 
#onoff#off 3  62597.77 0 0 1298.00 45.33 62.67  03.74 00.47 00.47 
#onoff#off 3  62597.77 0 0 56.67  00.94 
#onoff#cal 3  62600.1  0 0 1100.00 864.00 929.33  04.55 02.94 02.62 
#onoff#cal 3  62600.1  0 0 1299.67 45.33 62.67  01.70 00.47 00.47 
#onoff#cal 3  62600.11 0 0 57.33  00.47 
#onoff#on  4  62602.96 0 0  1092.67   858.67   922.67   02.62  00.94  01.25 
#onoff#on  4  62602.96 0 0  1299.33    45.00    62.00   01.70  00.00  00.00 
#onoff#on  4  62602.97 0 0    56.00   00.00 
#onoff#off 4  62605.36 0 0 1084.67 857.33 927.00  03.86 01.25 02.45 
#onoff#off 4  62605.36 0 0 1302.00 46.00 62.67  04.97 00.00 00.94 
#onoff#off 4  62605.36 0 0 56.33  00.47 
#onoff#cal 4  62607.69 0 0 1091.33 861.33 926.67  02.87 03.09 03.09 
#onoff#cal 4  62607.69 0 0 1299.33 46.00 65.33  06.34 00.00 01.89 
#onoff#cal 4  62607.69 0 0 58.00  00.82 
#onoff#on  5  62610.65 0 0  1121.67   881.67   944.00   22.90  06.60  04.97 
#onoff#on  5  62610.65 0 0  1305.00    47.67    64.67   02.16  00.47  00.47 
#onoff#on  5  62610.65 0 0    57.67   00.47 
#onoff#off 5  62612.97 0 0 1100.67 868.67 929.33  02.49 01.25 03.40 
#onoff#off 5  62612.97 0 0 1302.00 47.00 63.67  02.16 02.16 00.47 
#onoff#off 5  62612.97 0 0 58.00  00.00 
#onoff#cal 5  62615.36 0 0 1098.00 862.00 924.00  04.97 04.32 04.55 
#onoff#cal 5  62615.36 0 0 1301.67 46.00 62.67  02.49 01.41 00.47 
#onoff#cal 5  62615.36 0 0 56.67  00.47 
#onoff#on  6  62618.25 0 0  1082.00   854.00   920.00   03.27  01.63  00.82 
#onoff#on  6  62618.25 0 0  1302.67    44.67    61.33   04.11  00.47  00.47 
#onoff#on  6  62618.25 0 0    55.67   00.47 
#onoff#off 6  62620.65 0 0 1083.67 852.67 915.67  01.89 00.47 01.70 
#onoff#off 6  62620.65 0 0 1298.67 44.33 61.00  02.36 00.47 00.00 
#onoff#off 6  62620.65 0 0 55.67  00.47 
#onoff#cal 6  62622.8  0 0 1081.33 852.33 916.33  01.25 01.25 01.70 
#onoff#cal 6  62622.81 0 0 1301.33 44.00 61.00  04.92 00.00 00.00 
#onoff#cal 6  62622.81 0 0 55.67  00.47 
#onoff#on  7  62625.81 0 0  1078.00   850.00   912.33   02.16  01.41  01.70 
#onoff#on  7  62625.81 0 0  1301.33    44.00    60.67   00.47  00.00  00.47 
#onoff#on  7  62625.82 0 0    55.00   00.00 
#onoff#off 7  62628.19 0 0 1084.67 850.00 915.33  03.86 01.63 02.36 
#onoff#off 7  62628.2  0 0 1301.00 44.00 61.33  02.45 00.00 00.47 
#onoff#off 7  62628.2  0 0 55.00  00.00 
#onoff#cal 7  62630.66 0 0 1084.67 851.67 915.33  01.25 00.47 00.94 
#onoff#cal 7  62630.66 0 0 1297.67 44.00 61.00  06.02 00.00 00.00 
#onoff#cal 7  62630.66 0 0 55.67  00.47 
#onoff#on  8  62633.64 0 0  1082.00   852.00   916.33   05.10  01.41  01.25 
#onoff#on  8  62633.64 0 0  1300.33    44.00    61.00   00.47  00.00  00.00 
#onoff#on  8  62633.64 0 0    55.33   00.47 
#onoff#off 8  62635.95 0 0 1085.33 851.33 915.00  00.94 02.49 01.41 
#onoff#off 8  62635.95 0 0 1301.33 44.00 61.00  01.25 00.00 00.00 
#onoff#off 8  62635.96 0 0 55.00  00.00 
#onoff#cal 8  62638.35 0 0 1083.67 851.33 918.33  01.89 00.94 02.05 
#onoff#cal 8  62638.36 0 0 1302.33 44.00 61.00  03.09 00.00 00.00 
#onoff#cal 8  62638.36 0 0 55.33  00.47 
#onoff#on  9  62641.24 0 0  1084.33   853.33   918.67   01.25  02.05  00.94 
#onoff#on  9  62641.24 0 0  1303.33    43.67    61.00   00.94  00.47  00.00 
#onoff#on  9  62641.24 0 0    55.00   00.00 
#onoff#off 9  62643.65 0 0 1088.67 856.33 924.00  02.49 01.70 02.16 
#onoff#off 9  62643.65 0 0 1299.00 44.33 61.33  02.83 00.47 00.47 
#onoff#off 9  62643.65 0 0 55.67  00.47 
#onoff#cal 9  62645.81 0 0 1095.00 866.67 934.00  02.16 02.05 04.32 
#onoff#cal 9  62645.82 0 0 1304.00 44.67 62.33  03.27 00.94 00.47 
#onoff#cal 9  62645.82 0 0 56.33  00.47 
#onoff#on  10 62648.71 0 0  1090.67   858.33   924.00   02.05  04.03  06.98 
#onoff#on  10 62648.71 0 0  1302.67    44.00    61.33   02.05  00.00  00.47 
#onoff#on  10 62648.72 0 0    56.00   00.00 
#onoff#off 10 62651.08 0 0 1085.00 856.67 924.67  04.55 01.70 02.05 
#onoff#off 10 62651.08 0 0 1301.00 44.00 61.67  02.83 00.00 00.47 
#onoff#off 10 62651.08 0 0 55.67  00.47 
#onoff#cal 10 62653.38 0 0 1084.33 855.33 921.33  02.62 03.40 00.94 
#onoff#cal 10 62653.38 0 0 1300.00 44.00 62.00  00.82 00.00 00.00 
#onoff#cal 10 62653.38 0 0 56.00  00.00 
#onoff#sefd              37.04 81.15 0.00  0.00   0.00  0.00  
#onoff#sefd              37.04 81.15 0.00  0.00   0.00  0.00  
#onoff#sefd              37.04 81.15 0.00  0.00   0.00  0.00  
#onoff#sefd              37.04 81.15 0.00   0.00  
#onoff#fluxsrc  gal      37.04 81.15 -0.10 -0.10  0.30  0.30  
#onoff#fluxsrc  gal      37.04 81.15 -0.10 0.00   0.30  0.00  
#onoff#fluxsrc  gal      37.04 81.15 -0.60 -0.30  0.49  0.46  
#onoff#fluxsrc  gal      37.04 81.15 -0.20  0.40  
