#onoff#source gal        015221.7 +620233.6 0000.0 2026.036.16:49:06
#onoff#site   uclo     -0.2500  51.6133  3.00 xxxx 0  0.00  0.00
#onoff#onoff  10 3 2u 3u 0 60 10 10 0.0704 0.0704 1 1
#onoff#origin 0.0000 0.0000 0.0000 0.0000 0.0000 0.0000
#onoff#on  1  60548.35 0 0  1101.67   864.67   915.67   00.47  02.05  00.94 
#onoff#on  1  60548.35 0 0  1302.00    43.00    59.00   05.72  00.00  00.00 
#onoff#on  1  60548.36 0 0    53.00   00.00 
#onoff#off 1  60550.78 0 0 1099.33 862.67 917.00  00.47 01.25 02.45 
#onoff#off 1  60550.79 0 0 1301.33 43.00 59.00  03.30 00.00 00.00 
#onoff#off 1  60550.79 0 0 52.33  00.47 
#onoff#cal 1  60552.81 0 0 1104.00 864.00 915.33  02.94 00.82 00.94 
#onoff#cal 1  60552.82 0 0 1299.33 42.67 59.00  04.64 00.47 00.00 
#onoff#cal 1  60552.82 0 0 52.67  00.47 
#onoff#on  2  60555.36 0 0  1105.33   864.33   915.33   06.94  00.47  01.25 
#onoff#on  2  60555.36 0 0  1300.67    43.00    59.00   03.09  00.00  00.00 
#onoff#on  2  60555.36 0 0    52.33   00.47 
#onoff#off 2  60557.77 0 0 1103.00 863.67 913.67  04.24 00.47 01.25 
#onoff#off 2  60557.77 0 0 1299.00 43.00 58.67  01.63 00.00 00.47 
#onoff#off 2  60557.77 0 0 52.33  00.47 
#onoff#cal 2  60559.8  0 0 1108.00 864.33 916.00  03.56 00.47 01.41 
#onoff#cal 2  60559.8  0 0 1300.33 43.00 59.00  08.58 00.00 00.00 
#onoff#cal 2  60559.8  0 0 53.00  00.00 
#onoff#on  3  60562.36 0 0  1102.00   864.00   918.00   01.41  02.16  00.00 
#onoff#on  3  60562.36 0 0  1298.33    43.00    59.00   04.50  00.00  00.00 
#onoff#on  3  60562.36 0 0    52.67   00.47 
#onoff#off 3  60564.76 0 0 1107.00 863.00 918.33  02.16 00.82 01.70 
#onoff#off 3  60564.76 0 0 1301.33 42.67 59.00  02.62 00.47 00.00 
#onoff#off 3  60564.76 0 0 52.00  00.00 
#onoff#cal 3  60566.8  0 0 1105.00 866.00 919.00  02.94 00.82 00.82 
#onoff#cal 3  60566.8  0 0 1298.33 43.00 59.00  03.40 00.00 00.00 
#onoff#cal 3  60566.8  0 0 52.33  00.47 
#onoff#on  4  60569.63 0 0  1105.33   863.33   916.33   03.68  01.25  02.62 
#onoff#on  4  60569.63 0 0  1300.00    43.00    59.00   04.90  00.00  00.00 
#onoff#on  4  60569.63 0 0    52.33   00.47 
#onoff#off 4  60571.94 0 0 1100.67 862.67 919.00  01.70 00.94 00.82 
#onoff#off 4  60571.94 0 0 1299.67 43.00 59.00  02.87 00.00 00.00 
#onoff#off 4  60571.94 0 0 53.00  00.00 
#onoff#cal 4  60574.17 0 0 1107.67 866.33 919.33  02.05 00.47 01.25 
#onoff#cal 4  60574.17 0 0 1301.33 43.00 59.00  04.71 00.00 00.00 
#onoff#cal 4  60574.18 0 0 53.00  00.00 
#onoff#on  5  60576.93 0 0  1110.33   866.33   919.00   04.19  02.05  00.82 
#onoff#on  5  60576.94 0 0  1299.00    43.00    59.00   07.07  00.00  00.00 
#onoff#on  5  60576.94 0 0    53.00   00.00 
#onoff#off 5  60579.38 0 0 1107.67 865.00 916.33  03.30 00.82 03.30 
#onoff#off 5  60579.38 0 0 1298.33 43.00 59.00  01.25 00.00 00.00 
#onoff#off 5  60579.38 0 0 52.67  00.47 
#onoff#cal 5  60581.35 0 0 1110.33 863.67 919.33  03.68 01.70 02.87 
#onoff#cal 5  60581.35 0 0 1299.00 43.00 59.00  02.16 00.00 00.00 
#onoff#cal 5  60581.35 0 0 52.67  00.47 
#onoff#on  6  60584.35 0 0  1107.00   864.00   916.67   01.63  01.63  00.47 
#onoff#on  6  60584.36 0 0  1301.33    42.33    59.00   02.62  00.47  00.00 
#onoff#on  6  60584.36 0 0    52.00   00.00 
#onoff#off 6  60586.78 0 0 1103.00 865.00 918.00  00.82 01.41 02.16 
#onoff#off 6  60586.78 0 0 1306.00 43.00 59.00  06.16 00.00 00.00 
#onoff#off 6  60586.79 0 0 52.00  00.00 
#onoff#cal 6  60588.68 0 0 1102.33 864.67 917.00  01.70 01.25 00.82 
#onoff#cal 6  60588.68 0 0 1302.00 43.00 58.67  02.45 00.00 00.47 
#onoff#cal 6  60588.68 0 0 52.33  00.47 
#onoff#on  7  60591.36 0 0  1107.00   866.00   917.67   01.63  01.63  01.89 
#onoff#on  7  60591.36 0 0  1303.00    43.00    58.33   03.74  00.00  00.47 
#onoff#on  7  60591.36 0 0    52.00   00.00 
#onoff#off 7  60593.79 0 0 1103.00 864.00 917.00  03.27 01.41 02.16 
#onoff#off 7  60593.8  0 0 1297.00 43.00 58.67  05.72 00.00 00.47 
#onoff#off 7  60593.8  0 0 52.00  00.00 
#onoff#cal 7  60595.68 0 0 1106.33 865.00 917.00  04.03 02.45 02.83 
#onoff#cal 7  60595.68 0 0 1301.00 42.67 58.00  05.66 00.47 00.00 
#onoff#cal 7  60595.68 0 0 52.00  00.00 
#onoff#on  8  60598.36 0 0  1104.00   866.00   918.00   00.00  00.00  00.82 
#onoff#on  8  60598.36 0 0  1300.67    42.33    58.33   06.85  00.47  00.47 
#onoff#on  8  60598.36 0 0    52.67   00.47 
#onoff#off 8  60600.79 0 0 1106.00 862.00 916.67  04.32 01.63 02.62 
#onoff#off 8  60600.79 0 0 1302.67 42.00 58.00  07.13 00.00 00.00 
#onoff#off 8  60600.79 0 0 52.00  00.00 
#onoff#cal 8  60602.7  0 0 1109.00 861.33 915.00  02.83 02.36 03.74 
#onoff#cal 8  60602.7  0 0 1301.33 42.33 58.00  03.86 00.47 00.00 
#onoff#cal 8  60602.7  0 0 52.00  00.00 
#onoff#on  9  60605.37 0 0  1102.00   862.00   916.00   04.08  02.45  00.82 
#onoff#on  9  60605.37 0 0  1298.67    42.00    58.33   04.50  00.00  00.47 
#onoff#on  9  60605.37 0 0    52.00   00.00 
#onoff#off 9  60724.11 0 0 1095.67 861.67 914.33  02.05 00.47 01.25 
#onoff#off 9  60724.12 0 0 1295.00 42.00 58.33  05.66 00.00 00.47 
#onoff#off 9  60724.12 0 0 52.67  00.47 
#onoff#cal 9  60726.4  0 0 1097.67 865.00 918.00  01.70 03.27 01.41 
#onoff#cal 9  60726.4  0 0 1298.00 43.00 59.00  02.16 00.00 00.00 
#onoff#cal 9  60726.4  0 0 53.00  00.00 
#onoff#on  10 60729.36 0 0  1095.67   859.67   912.67   02.87  00.47  00.94 
#onoff#on  10 60729.36 0 0  1301.00    42.33    58.00   00.82  00.47  00.00 
#onoff#on  10 60729.36 0 0    52.67   00.47 
#onoff#off 10 60731.81 0 0 1103.67 861.33 915.33  02.87 01.25 02.49 
#onoff#off 10 60731.81 0 0 1299.67 43.33 59.33  04.11 00.47 00.47 
#onoff#off 10 60731.81 0 0 53.33  00.47 
#onoff#cal 10 60734.14 0 0 1103.00 865.33 918.33  07.07 02.05 02.36 
#onoff#cal 10 60734.15 0 0 1304.00 42.67 59.00  01.63 00.47 00.00 
#onoff#cal 10 60734.15 0 0 53.00  00.00 
#onoff#sefd              358.64 79.58 0.00  0.00   0.00  0.00  
#onoff#sefd              358.64 79.58 0.00  0.00   0.00  0.00  
#onoff#sefd              358.64 79.58 0.00  0.00   0.00  0.00  
#onoff#sefd              358.64 79.58 0.00   0.00  
#onoff#fluxsrc  gal      358.64 79.58 0.00  0.00   0.00  0.00  
#onoff#fluxsrc  gal      358.64 79.58 -0.10 0.00   0.30  0.00  
#onoff#fluxsrc  gal      358.64 79.58 -0.40 -0.50  0.49  0.50  
#onoff#fluxsrc  gal      358.64 79.58 -0.40  0.49  
