#onoff#source gal        040432.9 +522513.3 0000.0 2026.036.17:33:03
#onoff#site   uclo     -0.2500  51.6133  3.00 xxxx 0  0.00  0.00
#onoff#onoff  10 3 2u 3u 0 60 10 10 0.0704 0.0704 1 1
#onoff#origin 0.0000 0.0000 0.0000 0.0000 0.0000 0.0000
#onoff#on  1  63184.71 0 0  1142.67   900.33   947.67   02.49  00.47  00.94 
#onoff#on  1  63184.71 0 0  1299.33    44.67    62.00   04.19  00.94  00.82 
#onoff#on  1  63184.71 0 0    55.67   00.47 
#onoff#off 1  63186.96 0 0 1136.67 901.67 949.00  02.05 01.25 02.16 
#onoff#off 1  63186.96 0 0 1302.33 44.00 61.00  01.25 00.00 00.00 
#onoff#off 1  63186.97 0 0 55.00  00.00 
#onoff#cal 1  63188.91 0 0 1140.33 904.33 953.67  01.25 02.62 03.09 
#onoff#cal 1  63188.91 0 0 1304.33 45.33 63.00  00.94 01.25 01.63 
#onoff#cal 1  63188.91 0 0 56.33  01.25 
#onoff#on  2  63191.48 0 0  1137.00   903.00   952.67   01.63  03.56  02.62 
#onoff#on  2  63191.49 0 0  1301.00    44.00    61.67   06.53  00.00  00.47 
#onoff#on  2  63191.49 0 0    55.00   00.00 
#onoff#off 2  63193.73 0 0 1138.00 904.33 950.67  03.27 02.49 01.89 
#onoff#off 2  63193.73 0 0 1297.00 44.33 61.67  04.24 00.47 00.47 
#onoff#off 2  63193.73 0 0 56.00  00.82 
#onoff#cal 2  63195.72 0 0 1137.67 902.33 949.00  03.09 02.49 01.41 
#onoff#cal 2  63195.72 0 0 1293.00 44.00 61.33  06.38 00.00 00.47 
#onoff#cal 2  63195.73 0 0 55.33  00.47 
#onoff#on  3  63198.43 0 0  1136.00   900.00   950.00   03.56  00.82  00.82 
#onoff#on  3  63198.43 0 0  1298.67    44.00    62.00   03.68  00.00  00.00 
#onoff#on  3  63198.44 0 0    55.00   00.00 
#onoff#off 3  63200.69 0 0 1138.00 899.00 949.00  03.74 02.45 00.82 
#onoff#off 3  63200.7  0 0 1301.67 44.00 61.67  01.25 00.00 00.47 
#onoff#off 3  63200.7  0 0 55.33  00.47 
#onoff#cal 3  63202.84 0 0 1136.67 899.33 946.67  01.89 02.05 01.25 
#onoff#cal 3  63202.84 0 0 1293.33 44.00 61.67  06.34 00.00 00.47 
#onoff#cal 3  63202.84 0 0 55.00  00.00 
#onoff#on  4  63205.63 0 0  1136.67   901.00   948.67   01.25  00.82  02.05 
#onoff#on  4  63205.63 0 0  1301.67    44.00    61.00   03.86  00.00  00.00 
#onoff#on  4  63205.64 0 0    55.00   00.00 
#onoff#off 4  63207.98 0 0 1142.33 899.00 948.00  03.68 01.41 01.41 
#onoff#off 4  63207.98 0 0 1311.33 44.00 61.00  05.44 00.00 00.00 
#onoff#off 4  63207.99 0 0 55.00  00.00 
#onoff#cal 4  63210.19 0 0 1142.00 900.33 950.00  03.74 00.47 00.82 
#onoff#cal 4  63210.19 0 0 1301.67 44.00 61.00  07.13 00.00 00.00 
#onoff#cal 4  63210.19 0 0 55.00  00.00 
#onoff#on  5  63213.09 0 0  1142.33   899.67   951.33   00.94  02.36  01.70 
#onoff#on  5  63213.1  0 0  1303.67    44.33    61.00   04.71  00.47  00.00 
#onoff#on  5  63213.1  0 0    55.00   00.00 
#onoff#off 5  63215.42 0 0 1142.33 900.00 951.33  03.09 02.45 01.89 
#onoff#off 5  63215.43 0 0 1296.67 44.33 61.33  00.47 00.47 00.47 
#onoff#off 5  63215.43 0 0 55.33  00.47 
#onoff#cal 5  63217.64 0 0 1137.33 898.67 949.00  04.64 01.89 00.82 
#onoff#cal 5  63217.64 0 0 1303.00 44.67 61.67  08.52 00.47 00.47 
#onoff#cal 5  63217.65 0 0 55.67  00.47 
#onoff#on  6  63220.6  0 0  1140.00   901.67   951.67   05.72  00.94  01.25 
#onoff#on  6  63220.6  0 0  1301.00    44.33    62.00   03.27  00.47  00.00 
#onoff#on  6  63220.6  0 0    56.00   00.00 
#onoff#off 6  63222.99 0 0 1141.00 900.00 952.67  02.83 02.16 00.94 
#onoff#off 6  63222.99 0 0 1297.00 44.33 62.00  02.94 00.47 00.00 
#onoff#off 6  63222.99 0 0 56.00  00.00 
#onoff#cal 6  63225.22 0 0 1142.33 902.67 951.33  05.91 01.25 01.25 
#onoff#cal 6  63225.22 0 0 1303.33 44.33 62.00  03.86 00.47 00.00 
#onoff#cal 6  63225.22 0 0 56.00  00.00 
#onoff#on  7  63228.12 0 0  1138.67   899.67   948.33   00.47  01.25  00.47 
#onoff#on  7  63228.12 0 0  1299.00    44.33    62.00   07.12  00.47  00.00 
#onoff#on  7  63228.13 0 0    56.00   00.00 
#onoff#off 7  63230.46 0 0 1143.67 902.67 951.33  04.11 00.47 01.25 
#onoff#off 7  63230.47 0 0 1305.67 44.33 62.00  03.30 00.47 00.00 
#onoff#off 7  63230.47 0 0 56.00  00.00 
#onoff#cal 7  63232.74 0 0 1138.33 901.33 951.00  02.62 02.05 00.82 
#onoff#cal 7  63232.74 0 0 1305.67 44.33 61.67  03.09 00.47 00.47 
#onoff#cal 7  63232.75 0 0 56.00  00.00 
#onoff#on  8  63235.66 0 0  1140.00   902.00   951.00   00.82  00.82  00.82 
#onoff#on  8  63235.66 0 0  1302.33    44.33    62.00   03.09  00.47  00.00 
#onoff#on  8  63235.66 0 0    56.00   00.00 
#onoff#off 8  63238.05 0 0 1139.33 905.00 951.33  01.70 01.63 01.25 
#onoff#off 8  63238.05 0 0 1307.00 44.00 62.00  04.90 00.00 00.00 
#onoff#off 8  63238.05 0 0 55.67  00.47 
#onoff#cal 8  63240.26 0 0 1137.00 902.67 950.00  02.16 00.47 02.16 
#onoff#cal 8  63240.26 0 0 1304.67 44.00 61.67  02.49 00.00 00.47 
#onoff#cal 8  63240.26 0 0 55.67  00.47 
#onoff#on  9  63243.08 0 0  1140.00   902.67   951.67   02.16  02.49  01.25 
#onoff#on  9  63243.08 0 0  1300.00    44.00    61.67   04.32  00.00  00.47 
#onoff#on  9  63243.09 0 0    55.33   00.47 
#onoff#off 9  63245.37 0 0 1137.33 906.00 954.00  02.05 02.16 00.82 
#onoff#off 9  63245.37 0 0 1303.00 44.00 61.00  00.82 00.00 00.00 
#onoff#off 9  63245.38 0 0 56.00  00.00 
#onoff#cal 9  63247.53 0 0 1145.67 909.67 952.00  01.70 01.25 02.45 
#onoff#cal 9  63247.53 0 0 1299.33 44.00 61.33  04.03 00.00 00.47 
#onoff#cal 9  63247.53 0 0 55.67  00.47 
#onoff#on  10 63250.38 0 0  1138.33   901.33   952.33   04.92  01.25  02.87 
#onoff#on  10 63250.38 0 0  1299.33    44.67    62.00   04.92  00.47  00.00 
#onoff#on  10 63250.39 0 0    56.33   00.47 
#onoff#off 10 63252.7  0 0 1148.00 908.00 954.67  07.35 04.90 03.09 
#onoff#off 10 63252.7  0 0 1299.33 44.00 61.33  03.77 00.00 00.47 
#onoff#off 10 63252.7  0 0 56.00  00.00 
#onoff#cal 10 63254.92 0 0 1152.33 910.33 959.00  03.68 03.68 00.82 
#onoff#cal 10 63254.92 0 0 1301.00 44.00 61.00  00.82 00.00 00.00 
#onoff#cal 10 63254.92 0 0 55.33  00.47 
#onoff#sefd              77.93 76.52 0.00  0.00   0.00  0.00  
#onoff#sefd              77.93 76.52 0.00  0.00   0.00  0.00  
#onoff#sefd              77.93 76.52 0.00  0.00   0.00  0.00  
#onoff#sefd              77.93 76.52 0.00   0.00  
#onoff#fluxsrc  gal      77.93 76.52 0.00  0.00   0.00  0.00  
#onoff#fluxsrc  gal      77.93 76.52 0.00  -0.10  0.00  0.30  
#onoff#fluxsrc  gal      77.93 76.52 -0.70 -0.30  0.46  0.46  
#onoff#fluxsrc  gal      77.93 76.52 -0.40  0.49  
