#onoff#source gal        034636.9 +802241.6 0000.0 2026.036.17:09:24
#onoff#site   uclo     -0.2500  51.6133  3.00 xxxx 0  0.00  0.00
#onoff#onoff  10 3 2u 3u 0 60 10 10 0.0704 0.0704 1 1
#onoff#origin 0.0000 0.0000 0.0000 0.0000 0.0000 0.0000
#onoff#on  1  61765.68 0 0  1088.33   828.00   901.33   04.99  04.55  01.70 
#onoff#on  1  61765.68 0 0  1295.00    42.00    56.00   01.41  00.00  00.00 
#onoff#on  1  61765.69 0 0    50.00   00.00 
#onoff#off 1  61767.94 0 0 1086.67 826.33 897.67  02.62 02.62 02.05 
#onoff#off 1  61767.94 0 0 1294.00 41.33 56.00  04.90 00.47 00.00 
#onoff#off 1  61767.94 0 0 49.33  00.47 
#onoff#cal 1  61769.85 0 0 1087.67 827.67 898.00  03.09 02.49 02.16 
#onoff#cal 1  61769.85 0 0 1296.00 41.67 56.00  12.03 00.47 00.00 
#onoff#cal 1  61769.86 0 0 49.67  00.47 
#onoff#on  2  61772.47 0 0  1084.67   825.67   899.67   01.70  01.25  01.25 
#onoff#on  2  61772.47 0 0  1293.33    42.00    56.00   01.25  00.00  00.00 
#onoff#on  2  61772.47 0 0    50.00   00.00 
#onoff#off 2  61774.67 0 0 1088.33 826.00 899.67  02.62 00.00 01.25 
#onoff#off 2  61774.68 0 0 1296.67 42.33 56.33  03.09 00.47 00.47 
#onoff#off 2  61774.68 0 0 50.33  00.47 
#onoff#cal 2  61776.7  0 0 1087.33 824.67 898.00  04.11 00.47 00.00 
#onoff#cal 2  61776.7  0 0 1296.67 41.67 56.00  02.62 00.47 00.00 
#onoff#cal 2  61776.7  0 0 50.00  00.00 
#onoff#on  3  61779.38 0 0  1083.67   823.67   897.33   02.49  00.47  00.94 
#onoff#on  3  61779.38 0 0  1297.33    42.33    56.33   02.62  00.47  00.47 
#onoff#on  3  61779.38 0 0    50.00   00.00 
#onoff#off 3  61781.7  0 0 1087.67 827.00 902.00  03.30 03.56 04.32 
#onoff#off 3  61781.7  0 0 1292.67 42.00 56.00  02.49 00.00 00.00 
#onoff#off 3  61781.7  0 0 50.00  00.00 
#onoff#cal 3  61783.79 0 0 1090.67 831.67 904.67  05.31 04.50 02.62 
#onoff#cal 3  61783.79 0 0 1298.33 42.33 57.00  06.13 00.47 00.82 
#onoff#cal 3  61783.79 0 0 50.67  00.47 
#onoff#on  4  61786.57 0 0  1086.67   830.00   899.67   03.40  01.41  01.70 
#onoff#on  4  61786.57 0 0  1302.67    42.00    56.00   01.70  00.00  00.00 
#onoff#on  4  61786.58 0 0    50.00   00.00 
#onoff#off 4  61788.94 0 0 1090.67 830.00 899.00  02.05 00.82 01.41 
#onoff#off 4  61788.94 0 0 1296.33 42.00 56.67  05.31 00.00 00.47 
#onoff#off 4  61788.94 0 0 50.00  00.00 
#onoff#cal 4  61791.13 0 0 1089.67 827.67 900.67  02.36 01.25 00.94 
#onoff#cal 4  61791.13 0 0 1299.00 42.00 56.00  02.16 00.00 00.00 
#onoff#cal 4  61791.14 0 0 50.00  00.00 
#onoff#on  5  61793.95 0 0  1091.33   830.00   901.67   02.87  00.82  00.94 
#onoff#on  5  61793.96 0 0  1296.33    42.00    56.00   03.86  00.00  00.00 
#onoff#on  5  61793.96 0 0    50.00   00.00 
#onoff#off 5  61796.23 0 0 1089.00 824.67 898.67  03.74 00.94 00.47 
#onoff#off 5  61796.23 0 0 1297.67 42.33 56.00  05.44 00.47 00.00 
#onoff#off 5  61796.23 0 0 50.00  00.00 
#onoff#cal 5  61798.46 0 0 1099.67 833.33 909.00  05.79 04.19 03.56 
#onoff#cal 5  61798.47 0 0 1297.67 42.33 56.67  05.44 00.47 00.47 
#onoff#cal 5  61798.47 0 0 50.33  00.47 
#onoff#on  6  61801.36 0 0  1100.00   838.67   912.33   07.48  04.19  03.86 
#onoff#on  6  61801.37 0 0  1298.00    42.67    57.67   03.56  00.47  00.47 
#onoff#on  6  61801.37 0 0    51.33   00.47 
#onoff#off 6  61803.68 0 0 1092.33 832.00 904.67  03.30 02.94 03.40 
#onoff#off 6  61803.68 0 0 1296.33 42.33 57.33  02.62 00.47 00.47 
#onoff#off 6  61803.68 0 0 50.67  00.47 
#onoff#cal 6  61805.83 0 0 1090.00 828.33 901.33  01.41 02.49 01.89 
#onoff#cal 6  61805.83 0 0 1298.00 43.33 57.67  03.56 00.47 00.47 
#onoff#cal 6  61805.83 0 0 51.33  00.47 
#onoff#on  7  61808.62 0 0  1095.00   834.67   906.00   05.72  06.18  02.45 
#onoff#on  7  61808.62 0 0  1309.00    43.33    57.33   03.27  00.47  00.47 
#onoff#on  7  61808.62 0 0    51.00   00.00 
#onoff#off 7  61810.96 0 0 1092.67 828.00 898.67  03.30 03.56 00.94 
#onoff#off 7  61810.96 0 0 1300.33 42.33 57.00  02.62 00.47 00.00 
#onoff#off 7  61810.96 0 0 50.00  00.00 
#onoff#cal 7  61813.18 0 0 1089.67 828.67 895.67  03.77 00.94 02.49 
#onoff#cal 7  61813.18 0 0 1294.33 42.67 57.00  00.94 00.47 00.00 
#onoff#cal 7  61813.18 0 0 50.00  00.00 
#onoff#on  8  61815.95 0 0  1092.00   827.67   898.67   04.32  00.94  01.89 
#onoff#on  8  61815.96 0 0  1298.00    43.00    56.00   02.16  00.00  00.00 
#onoff#on  8  61815.96 0 0    50.00   00.00 
#onoff#off 8  61818.23 0 0 1095.00 826.00 895.33  02.94 02.16 00.47 
#onoff#off 8  61818.24 0 0 1297.67 42.67 56.00  02.87 00.47 00.00 
#onoff#off 8  61818.24 0 0 50.00  00.00 
#onoff#cal 8  61820.4  0 0 1090.33 829.00 899.00  00.47 00.82 00.82 
#onoff#cal 8  61820.4  0 0 1295.00 42.00 56.00  01.41 00.00 00.00 
#onoff#cal 8  61820.41 0 0 50.00  00.00 
#onoff#on  9  61823.14 0 0  1084.33   824.67   901.00   00.47  01.70  01.41 
#onoff#on  9  61823.14 0 0  1296.33    42.00    56.00   06.02  00.00  00.00 
#onoff#on  9  61823.14 0 0    50.00   00.00 
#onoff#off 9  61825.41 0 0 1087.67 824.67 897.33  00.47 02.49 01.25 
#onoff#off 9  61825.41 0 0 1298.00 42.00 55.67  01.63 00.00 00.47 
#onoff#off 9  61825.41 0 0 50.00  00.00 
#onoff#cal 9  61827.62 0 0 1086.33 824.00 898.67  02.87 00.82 03.09 
#onoff#cal 9  61827.62 0 0 1300.67 42.00 56.00  05.56 00.00 00.00 
#onoff#cal 9  61827.62 0 0 50.00  00.00 
#onoff#on  10 61830.44 0 0  1087.67   824.00   898.00   00.47  00.82  02.16 
#onoff#on  10 61830.44 0 0  1296.00    42.33    56.00   05.10  00.47  00.00 
#onoff#on  10 61830.44 0 0    50.00   00.00 
#onoff#off 10 61832.69 0 0 1094.33 828.00 905.33  03.68 01.41 01.25 
#onoff#off 10 61832.69 0 0 1299.33 42.00 56.67  01.89 00.00 00.47 
#onoff#off 10 61832.69 0 0 50.67  00.47 
#onoff#cal 10 61834.84 0 0 1093.33 830.00 902.33  06.94 02.16 02.36 
#onoff#cal 10 61834.84 0 0 1299.00 42.33 57.00  02.45 00.47 00.00 
#onoff#cal 10 61834.85 0 0 50.00  00.00 
#onoff#sefd              7.68 60.24 0.00  0.00   0.00  0.00  
#onoff#sefd              7.68 60.24 0.00  0.00   0.00  0.00  
#onoff#sefd              7.68 60.24 0.00  0.00   0.00  0.00  
#onoff#sefd              7.68 60.24 0.00   0.00  
#onoff#fluxsrc  gal      7.68 60.24 0.00  0.00   0.00  0.00  
#onoff#fluxsrc  gal      7.68 60.24 0.00  -0.20  0.00  0.40  
#onoff#fluxsrc  gal      7.68 60.24 -0.30 -0.30  0.46  0.46  
#onoff#fluxsrc  gal      7.68 60.24 -0.40  0.49  
