#onoff#source gal        015222.4 +620219.2 0000.0 2026.036.16:44:41
#onoff#site   uclo     -0.2500  51.6133  3.00 xxxx 0  0.00  0.00
#onoff#onoff  10 3 2u 3u 0 60 10 10 0.0704 0.0704 1 1
#onoff#origin 0.0000 0.0000 0.0000 0.0000 0.0000 0.0000
#onoff#on  1  60282.85 0 0  1106.67   865.33   919.00   01.70  01.70  01.63 
#onoff#on  1  60282.85 0 0  1307.33    43.00    60.00   03.30  00.00  00.00 
#onoff#on  1  60282.85 0 0    53.33   00.47 
#onoff#off 1  60284.93 0 0 1105.00 867.00 921.33  03.74 00.82 00.47 
#onoff#off 1  60284.93 0 0 1303.67 43.00 60.00  00.47 00.00 00.00 
#onoff#off 1  60284.94 0 0 54.00  00.00 
#onoff#cal 1  60286.81 0 0 1106.00 868.00 920.33  03.56 03.56 00.94 
#onoff#cal 1  60286.81 0 0 1304.00 43.33 60.00  03.74 00.47 00.00 
#onoff#cal 1  60286.82 0 0 53.67  00.47 
#onoff#on  2  60289.36 0 0  1105.67   865.00   916.33   05.56  01.41  02.62 
#onoff#on  2  60289.36 0 0  1301.00    43.00    59.67   03.27  00.00  00.47 
#onoff#on  2  60289.37 0 0    53.00   00.00 
#onoff#off 2  60291.77 0 0 1110.00 869.00 916.33  04.97 02.16 03.09 
#onoff#off 2  60291.77 0 0 1300.33 43.00 60.00  02.05 00.00 00.00 
#onoff#off 2  60291.77 0 0 53.67  00.47 
#onoff#cal 2  60293.8  0 0 1105.00 864.33 916.00  02.16 02.36 01.41 
#onoff#cal 2  60293.81 0 0 1297.00 43.33 60.00  04.32 00.47 00.00 
#onoff#cal 2  60293.81 0 0 53.67  00.47 
#onoff#on  3  60296.37 0 0  1108.33   866.00   917.33   01.25  02.83  01.89 
#onoff#on  3  60296.37 0 0  1300.67    44.00    60.33   00.94  00.00  00.47 
#onoff#on  3  60296.37 0 0    54.00   00.00 
#onoff#off 3  60298.81 0 0 1104.67 864.33 918.00  04.78 05.73 03.74 
#onoff#off 3  60298.81 0 0 1301.67 43.33 60.67  01.25 00.47 00.47 
#onoff#off 3  60298.81 0 0 53.67  00.47 
#onoff#cal 3  60300.79 0 0 1101.67 862.33 912.00  02.87 02.05 00.00 
#onoff#cal 3  60300.8  0 0 1303.67 43.00 59.67  03.09 00.00 00.47 
#onoff#cal 3  60300.8  0 0 53.00  00.00 
#onoff#on  4  60303.4  0 0  1106.67   862.67   916.00   02.05  01.89  02.16 
#onoff#on  4  60303.4  0 0  1305.67    43.33    59.67   02.87  00.47  00.47 
#onoff#on  4  60303.4  0 0    53.33   00.47 
#onoff#off 4  60305.78 0 0 1103.00 863.67 913.33  04.24 01.89 00.94 
#onoff#off 4  60305.78 0 0 1302.00 43.00 60.00  03.74 00.00 00.00 
#onoff#off 4  60305.78 0 0 53.33  00.47 
#onoff#cal 4  60307.95 0 0 1103.67 864.00 916.67  03.09 02.16 00.47 
#onoff#cal 4  60307.96 0 0 1301.67 43.00 60.00  00.47 00.00 00.00 
#onoff#cal 4  60307.96 0 0 53.00  00.00 
#onoff#on  5  60310.82 0 0  1109.00   865.33   920.67   02.16  00.94  02.49 
#onoff#on  5  60310.82 0 0  1299.67    43.33    60.00   01.70  00.47  00.00 
#onoff#on  5  60310.82 0 0    53.67   00.47 
#onoff#off 5  60313.16 0 0 1106.67 863.67 916.67  01.25 02.49 02.62 
#onoff#off 5  60313.17 0 0 1301.33 43.00 59.67  02.05 00.00 00.47 
#onoff#off 5  60313.17 0 0 53.33  00.47 
#onoff#cal 5  60315.36 0 0 1104.33 860.33 916.33  02.49 01.70 03.09 
#onoff#cal 5  60315.37 0 0 1302.00 43.33 60.00  06.16 00.47 00.00 
#onoff#cal 5  60315.37 0 0 53.00  00.00 
#onoff#on  6  60318.24 0 0  1104.33   863.67   919.67   00.47  00.94  02.36 
#onoff#on  6  60318.24 0 0  1297.00    43.67    60.33   02.45  00.47  00.47 
#onoff#on  6  60318.24 0 0    54.00   00.00 
#onoff#off 6  60320.38 0 0 1104.67 862.00 917.67  02.05 00.82 00.47 
#onoff#off 6  60320.39 0 0 1300.33 43.33 60.33  03.40 00.47 00.47 
#onoff#off 6  60320.39 0 0 54.00  00.00 
#onoff#cal 6  60322.65 0 0 1099.00 862.33 918.67  00.82 00.94 00.47 
#onoff#cal 6  60322.65 0 0 1300.67 43.00 60.00  06.85 00.00 00.00 
#onoff#cal 6  60322.65 0 0 53.33  00.47 
#onoff#on  7  60325.36 0 0  1103.67   863.00   920.00   03.30  02.45  01.41 
#onoff#on  7  60325.36 0 0  1301.67    43.00    60.00   01.25  00.00  00.00 
#onoff#on  7  60325.36 0 0    54.00   00.00 
#onoff#off 7  60327.81 0 0 1103.67 866.67 919.33  02.05 00.47 01.89 
#onoff#off 7  60327.81 0 0 1304.33 43.00 60.00  04.92 00.00 00.00 
#onoff#off 7  60327.81 0 0 54.00  00.00 
#onoff#cal 7  60330.05 0 0 1105.33 864.33 921.00  02.05 01.70 03.56 
#onoff#cal 7  60330.05 0 0 1299.33 43.00 60.00  06.60 00.00 00.00 
#onoff#cal 7  60330.05 0 0 53.00  00.00 
#onoff#on  8  60332.81 0 0  1108.67   868.00   920.00   01.70  00.82  01.41 
#onoff#on  8  60332.81 0 0  1304.00    43.00    60.00   00.82  00.00  00.00 
#onoff#on  8  60332.81 0 0    53.00   00.00 
#onoff#off 8  60335.08 0 0 1104.67 866.33 921.33  02.87 03.77 01.70 
#onoff#off 8  60335.08 0 0 1301.67 43.00 59.33  03.09 00.00 00.47 
#onoff#off 8  60335.08 0 0 53.33  00.47 
#onoff#cal 8  60337.26 0 0 1102.33 864.33 920.67  03.86 01.25 02.62 
#onoff#cal 8  60337.27 0 0 1308.00 43.00 59.33  01.41 00.00 00.47 
#onoff#cal 8  60337.27 0 0 53.67  00.47 
#onoff#on  9  60339.95 0 0  1104.67   867.33   919.67   00.94  03.30  01.70 
#onoff#on  9  60339.95 0 0  1297.33    43.00    59.67   02.87  00.00  00.47 
#onoff#on  9  60339.96 0 0    53.00   00.00 
#onoff#off 9  60342.21 0 0 1104.33 865.33 919.00  03.86 03.09 02.16 
#onoff#off 9  60342.22 0 0 1299.33 43.00 59.67  03.68 00.00 00.47 
#onoff#off 9  60342.22 0 0 53.00  00.00 
#onoff#cal 9  60344.37 0 0 1107.00 863.00 915.00  02.83 00.82 01.41 
#onoff#cal 9  60344.37 0 0 1298.33 43.00 59.00  04.11 00.00 00.00 
#onoff#cal 9  60344.37 0 0 53.00  00.00 
#onoff#on  10 60347.23 0 0  1103.67   862.00   914.67   03.09  02.16  03.40 
#onoff#on  10 60347.23 0 0  1298.00    42.33    59.67   01.63  00.47  00.47 
#onoff#on  10 60347.23 0 0    53.00   00.00 
#onoff#off 10 60349.42 0 0 1105.00 862.00 917.00  04.55 03.56 00.82 
#onoff#off 10 60349.42 0 0 1297.67 42.67 59.67  02.05 00.47 00.94 
#onoff#off 10 60349.42 0 0 53.33  00.47 
#onoff#cal 10 60351.63 0 0 1100.00 865.33 918.00  02.16 06.94 03.74 
#onoff#cal 10 60351.63 0 0 1299.00 42.67 59.00  04.90 00.47 00.00 
#onoff#cal 10 60351.63 0 0 53.00  00.00 
#onoff#sefd              2.67 79.56 0.00  0.00   0.00  0.00  
#onoff#sefd              2.67 79.56 0.00  0.00   0.00  0.00  
#onoff#sefd              2.67 79.56 0.00  0.00   0.00  0.00  
#onoff#sefd              2.67 79.56 0.00   0.00  
#onoff#fluxsrc  gal      2.67 79.56 0.00  0.00   0.00  0.00  
#onoff#fluxsrc  gal      2.67 79.56 0.00  0.00   0.00  0.00  
#onoff#fluxsrc  gal      2.67 79.56 -0.50 -0.50  0.50  0.50  
#onoff#fluxsrc  gal      2.67 79.56 -0.20  0.40  
