#onoff#source gal        034636.8 +802237.2 0000.0 2026.036.17:10:46
#onoff#site   uclo     -0.2500  51.6133  3.00 xxxx 0  0.00  0.00
#onoff#onoff  10 3 2u 3u 0 60 10 10 0.0704 0.0704 1 1
#onoff#origin 0.0000 0.0000 0.0000 0.0000 0.0000 0.0000
#onoff#on  1  61847.9  0 0  1091.67   835.67   914.00   04.19  02.05  02.16 
#onoff#on  1  61847.9  0 0  1297.67    42.67    56.33   05.31  00.47  00.47 
#onoff#on  1  61847.9  0 0    50.33   00.47 
#onoff#off 1  61849.96 0 0 1088.33 825.33 901.00  04.50 01.25 00.82 
#onoff#off 1  61849.96 0 0 1295.00 42.00 56.00  03.74 00.00 00.00 
#onoff#off 1  61849.97 0 0 50.00  00.00 
#onoff#cal 1  61851.75 0 0 1086.67 823.00 899.67  06.18 00.82 00.94 
#onoff#cal 1  61851.75 0 0 1294.33 42.67 56.00  02.05 00.47 00.00 
#onoff#cal 1  61851.76 0 0 50.00  00.00 
#onoff#on  2  61854.35 0 0  1090.00   829.33   902.67   01.63  00.94  00.94 
#onoff#on  2  61854.36 0 0  1300.00    42.67    56.33   05.35  00.47  00.47 
#onoff#on  2  61854.36 0 0    50.33   00.47 
#onoff#off 2  61856.68 0 0 1096.67 832.33 903.67  00.47 02.49 01.70 
#onoff#off 2  61856.68 0 0 1295.67 42.00 56.00  06.18 00.00 00.00 
#onoff#off 2  61856.69 0 0 50.00  00.00 
#onoff#cal 2  61858.5  0 0 1090.00 829.33 904.33  00.82 01.25 00.94 
#onoff#cal 2  61858.5  0 0 1300.33 42.00 56.00  03.30 00.00 00.00 
#onoff#cal 2  61858.5  0 0 50.00  00.00 
#onoff#on  3  61861.36 0 0  1090.33   830.00   904.00   04.71  01.41  00.82 
#onoff#on  3  61861.36 0 0  1296.33    42.00    56.00   05.25  00.00  00.00 
#onoff#on  3  61861.37 0 0    50.00   00.00 
#onoff#off 3  61863.73 0 0 1089.33 832.33 901.67  01.70 02.87 00.94 
#onoff#off 3  61863.73 0 0 1293.67 42.33 56.00  04.78 00.47 00.00 
#onoff#off 3  61863.74 0 0 50.00  00.00 
#onoff#cal 3  61865.54 0 0 1091.00 832.33 902.67  01.63 02.05 01.25 
#onoff#cal 3  61865.54 0 0 1293.00 42.00 56.33  06.48 00.00 00.47 
#onoff#cal 3  61865.54 0 0 50.00  00.00 
#onoff#on  4  61868.36 0 0  1089.33   830.33   904.67   01.89  02.05  01.25 
#onoff#on  4  61868.36 0 0  1301.00    42.67    56.67   03.56  00.47  00.47 
#onoff#on  4  61868.36 0 0    50.67   00.47 
#onoff#off 4  61870.71 0 0 1088.00 828.00 903.33  04.55 06.38 05.44 
#onoff#off 4  61870.71 0 0 1296.00 42.00 56.33  00.00 00.00 00.47 
#onoff#off 4  61870.71 0 0 50.00  00.82 
#onoff#cal 4  61872.52 0 0 1088.33 824.00 897.33  00.94 01.41 01.70 
#onoff#cal 4  61872.52 0 0 1295.00 42.00 56.00  04.97 00.00 00.00 
#onoff#cal 4  61872.52 0 0 49.33  00.47 
#onoff#on  5  61875.35 0 0  1091.00   828.67   902.33   03.74  03.77  02.49 
#onoff#on  5  61875.35 0 0  1293.67    42.00    56.00   02.62  00.00  00.00 
#onoff#on  5  61875.35 0 0    50.00   00.00 
#onoff#off 5  61877.7  0 0 1089.00 827.00 899.67  00.82 01.41 01.25 
#onoff#off 5  61877.71 0 0 1292.67 42.00 56.00  02.62 00.00 00.00 
#onoff#off 5  61877.71 0 0 49.33  00.47 
#onoff#cal 5  61879.56 0 0 1088.00 825.67 900.33  04.55 00.94 02.87 
#onoff#cal 5  61879.57 0 0 1292.33 42.00 56.00  03.30 00.00 00.00 
#onoff#cal 5  61879.57 0 0 49.67  00.47 
#onoff#on  6  61882.39 0 0  1086.33   825.67   899.33   01.25  00.47  02.36 
#onoff#on  6  61882.4  0 0  1302.00    42.00    56.00   00.82  00.00  00.00 
#onoff#on  6  61882.4  0 0    50.00   00.00 
#onoff#off 6  61884.7  0 0 1087.67 828.00 900.00  05.44 00.82 00.82 
#onoff#off 6  61884.71 0 0 1294.00 42.00 56.00  08.60 00.00 00.00 
#onoff#off 6  61884.71 0 0 50.00  00.00 
#onoff#cal 6  61886.5  0 0 1091.00 828.67 902.33  03.56 01.70 02.05 
#onoff#cal 6  61886.5  0 0 1295.67 42.00 56.00  03.30 00.00 00.00 
#onoff#cal 6  61886.5  0 0 50.00  00.00 
#onoff#on  7  61889.38 0 0  1087.00   828.33   903.33   01.41  02.05  01.89 
#onoff#on  7  61889.38 0 0  1298.00    42.00    56.00   03.56  00.00  00.00 
#onoff#on  7  61889.38 0 0    50.33   00.47 
#onoff#off 7  61891.71 0 0 1089.33 826.00 899.33  00.94 01.63 02.05 
#onoff#off 7  61891.71 0 0 1299.67 42.00 56.00  01.25 00.00 00.00 
#onoff#off 7  61891.71 0 0 50.00  00.00 
#onoff#cal 7  61893.53 0 0 1087.33 824.67 897.33  05.44 02.62 02.49 
#onoff#cal 7  61893.54 0 0 1295.67 42.33 56.33  02.05 00.47 00.47 
#onoff#cal 7  61893.54 0 0 50.00  00.00 
#onoff#on  8  61896.36 0 0  1085.67   826.67   903.33   03.68  02.87  00.47 
#onoff#on  8  61896.36 0 0  1299.33    42.00    56.33   03.77  00.00  00.47 
#onoff#on  8  61896.36 0 0    50.00   00.00 
#onoff#off 8  61898.71 0 0 1089.00 829.33 901.33  02.83 01.25 01.25 
#onoff#off 8  61898.71 0 0 1301.00 42.00 55.67  02.83 00.00 00.47 
#onoff#off 8  61898.72 0 0 49.67  00.47 
#onoff#cal 8  61900.5  0 0 1092.67 824.67 901.00  00.47 03.30 01.63 
#onoff#cal 8  61900.51 0 0 1296.00 41.33 55.33  03.56 00.47 00.47 
#onoff#cal 8  61900.51 0 0 50.00  00.00 
#onoff#on  9  61903.37 0 0  1090.67   826.67   901.33   04.11  03.40  02.05 
#onoff#on  9  61903.38 0 0  1301.67    42.33    56.67   07.59  00.47  00.94 
#onoff#on  9  61903.38 0 0    50.33   00.47 
#onoff#off 9  61905.68 0 0 1088.00 825.00 906.00  02.94 03.74 04.97 
#onoff#off 9  61905.69 0 0 1295.67 42.00 56.33  01.25 00.00 00.47 
#onoff#off 9  61905.69 0 0 50.33  00.47 
#onoff#cal 9  61907.52 0 0 1087.33 824.33 902.67  04.11 03.09 02.49 
#onoff#cal 9  61907.52 0 0 1301.67 41.67 56.33  01.70 00.47 00.47 
#onoff#cal 9  61907.52 0 0 50.67  00.94 
#onoff#on  10 61910.36 0 0  1089.67   825.00   898.67   01.70  02.16  03.30 
#onoff#on  10 61910.37 0 0  1299.67    43.00    57.67   06.13  00.00  00.47 
#onoff#on  10 61910.37 0 0    52.33   00.47 
#onoff#off 10 61912.69 0 0 1083.67 825.67 898.67  01.70 01.25 00.47 
#onoff#off 10 61912.69 0 0 1295.67 43.00 57.67  01.70 00.00 00.47 
#onoff#off 10 61912.7  0 0 51.33  00.47 
#onoff#cal 10 61914.49 0 0 1081.33 823.00 896.67  00.47 01.41 01.25 
#onoff#cal 10 61914.5  0 0 1299.00 42.33 57.00  02.16 00.47 00.00 
#onoff#cal 10 61914.5  0 0 51.00  00.00 
#onoff#sefd              7.58 60.27 0.00  0.00   0.00  0.00  
#onoff#sefd              7.58 60.27 0.00  0.00   0.00  0.00  
#onoff#sefd              7.58 60.27 0.00  0.00   0.00  0.00  
#onoff#sefd              7.58 60.27 0.00   0.00  
#onoff#fluxsrc  gal      7.58 60.27 0.00  -0.10  0.00  0.30  
#onoff#fluxsrc  gal      7.58 60.27 0.00  0.00   0.00  0.00  
#onoff#fluxsrc  gal      7.58 60.27 -0.40 -0.50  0.49  0.50  
#onoff#fluxsrc  gal      7.58 60.27 -0.50  0.50  
