#onoff#source gal        015222.5 +620149.2 0000.0 2026.036.17:17:50
#onoff#site   uclo     -0.2500  51.6133  3.00 xxxx 0  0.00  0.00
#onoff#onoff  10 3 2u 3u 0 60 10 10 0.0704 0.0704 1 1
#onoff#origin 0.0000 0.0000 0.0000 0.0000 0.0000 0.0000
#onoff#on  1  62271.73 0 0  1088.33   856.67   922.00   01.25  00.94  01.63 
#onoff#on  1  62271.73 0 0  1298.00    44.33    61.33   01.41  00.47  00.47 
#onoff#on  1  62271.73 0 0    53.67   00.47 
#onoff#off 1  62273.94 0 0 1092.33 857.33 923.00  03.30 02.62 01.41 
#onoff#off 1  62273.94 0 0 1304.33 44.00 60.67  07.32 00.00 00.47 
#onoff#off 1  62273.94 0 0 53.00  00.00 
#onoff#cal 1  62276.05 0 0 1089.67 856.33 919.67  05.91 01.25 01.70 
#onoff#cal 1  62276.06 0 0 1299.00 44.00 61.00  02.16 00.00 00.00 
#onoff#cal 1  62276.06 0 0 53.33  00.47 
#onoff#on  2  62278.72 0 0  1089.33   856.67   921.00   01.89  05.25  03.56 
#onoff#on  2  62278.72 0 0  1298.00    44.33    61.33   01.63  00.47  00.47 
#onoff#on  2  62278.72 0 0    53.33   00.47 
#onoff#off 2  62280.94 0 0 1093.67 857.00 926.67  05.25 03.74 03.30 
#onoff#off 2  62280.94 0 0 1300.67 44.33 61.00  04.99 00.47 00.00 
#onoff#off 2  62280.94 0 0 53.33  00.47 
#onoff#cal 2  62283.14 0 0 1091.67 850.67 921.00  02.62 00.94 00.82 
#onoff#cal 2  62283.15 0 0 1303.00 44.00 61.00  01.63 00.00 00.00 
#onoff#cal 2  62283.16 0 0 53.33  00.47 
#onoff#on  3  62285.82 0 0  1088.00   860.33   927.67   03.56  02.62  00.47 
#onoff#on  3  62285.82 0 0  1303.00    44.67    61.67   05.10  00.47  00.47 
#onoff#on  3  62285.82 0 0    54.33   00.47 
#onoff#off 3  62288.1  0 0 1091.67 854.67 919.33  02.49 01.70 02.05 
#onoff#off 3  62288.11 0 0 1298.33 45.00 62.00  03.40 00.82 00.00 
#onoff#off 3  62288.11 0 0 54.00  00.00 
#onoff#cal 3  62290.36 0 0 1090.33 856.00 921.33  02.62 02.83 01.89 
#onoff#cal 3  62290.36 0 0 1300.67 45.00 62.00  07.76 00.00 00.00 
#onoff#cal 3  62290.36 0 0 54.33  00.47 
#onoff#on  4  62293.23 0 0  1094.00   854.67   921.00   00.00  02.05  02.83 
#onoff#on  4  62293.23 0 0  1301.67    44.67    62.00   00.47  00.47  00.00 
#onoff#on  4  62293.23 0 0    53.33   00.47 
#onoff#off 4  62295.62 0 0 1096.00 856.00 918.33  00.82 00.82 02.36 
#onoff#off 4  62295.62 0 0 1299.67 45.00 62.00  01.25 00.00 00.00 
#onoff#off 4  62295.62 0 0 53.33  00.47 
#onoff#cal 4  62297.81 0 0 1089.67 853.33 919.33  01.70 01.25 00.94 
#onoff#cal 4  62297.82 0 0 1297.67 44.67 61.67  02.87 00.47 00.47 
#onoff#cal 4  62297.82 0 0 53.67  00.47 
#onoff#on  5  62300.72 0 0  1089.67   856.67   920.33   02.49  00.94  01.70 
#onoff#on  5  62300.73 0 0  1304.33    44.67    61.00   02.05  00.47  00.00 
#onoff#on  5  62300.73 0 0    53.33   00.47 
#onoff#off 5  62303.12 0 0 1090.67 854.00 920.33  00.94 00.82 00.94 
#onoff#off 5  62303.12 0 0 1301.33 44.00 61.00  01.25 00.00 00.00 
#onoff#off 5  62303.13 0 0 53.00  00.00 
#onoff#cal 5  62305.42 0 0 1091.67 853.67 919.67  03.09 02.05 03.30 
#onoff#cal 5  62305.42 0 0 1301.00 44.00 61.00  02.45 00.00 00.00 
#onoff#cal 5  62305.42 0 0 53.00  00.00 
#onoff#on  6  62308.37 0 0  1090.33   850.67   918.33   03.40  03.09  02.36 
#onoff#on  6  62308.37 0 0  1299.33    44.00    61.00   05.31  00.00  00.00 
#onoff#on  6  62308.37 0 0    53.67   00.47 
#onoff#off 6  62310.77 0 0 1087.00 851.67 918.00  03.56 01.25 00.82 
#onoff#off 6  62310.77 0 0 1300.67 44.00 61.00  03.30 00.00 00.00 
#onoff#off 6  62310.77 0 0 53.00  00.00 
#onoff#cal 6  62313.13 0 0 1086.67 852.67 917.00  00.47 00.47 01.41 
#onoff#cal 6  62313.13 0 0 1297.00 44.00 61.00  06.48 00.00 00.00 
#onoff#cal 6  62313.14 0 0 53.33  00.47 
#onoff#on  7  62315.96 0 0  1087.67   850.00   916.33   00.47  00.82  01.70 
#onoff#on  7  62315.96 0 0  1301.00    44.00    60.67   03.56  00.00  00.47 
#onoff#on  7  62315.96 0 0    53.00   00.00 
#onoff#off 7  62318.37 0 0 1083.67 849.00 918.00  00.47 00.00 00.82 
#onoff#off 7  62318.37 0 0 1298.00 44.00 61.00  05.89 00.00 00.82 
#onoff#off 7  62318.37 0 0 53.00  00.00 
#onoff#cal 7  62320.62 0 0 1084.33 851.33 918.33  03.09 00.94 01.25 
#onoff#cal 7  62320.62 0 0 1297.33 43.67 61.00  05.44 00.47 00.00 
#onoff#cal 7  62320.63 0 0 53.00  00.00 
#onoff#on  8  62323.61 0 0  1084.33   853.33   926.00   01.70  00.94  05.35 
#onoff#on  8  62323.61 0 0  1303.00    44.00    61.67   01.63  00.00  00.47 
#onoff#on  8  62323.62 0 0    54.33   00.47 
#onoff#off 8  62325.95 0 0 1090.67 857.67 923.33  03.86 01.25 01.25 
#onoff#off 8  62325.95 0 0 1302.33 44.00 61.00  01.70 00.00 00.00 
#onoff#off 8  62325.95 0 0 53.67  00.47 
#onoff#cal 8  62328.35 0 0 1090.33 865.00 929.33  03.77 04.90 02.87 
#onoff#cal 8  62328.35 0 0 1303.67 44.00 61.00  01.70 00.00 00.00 
#onoff#cal 8  62328.36 0 0 54.00  00.00 
#onoff#on  9  62331.22 0 0  1087.00   863.33   926.67   01.41  01.70  00.47 
#onoff#on  9  62331.23 0 0  1299.00    44.33    61.67   01.63  00.47  00.47 
#onoff#on  9  62331.23 0 0    54.00   00.00 
#onoff#off 9  62333.67 0 0 1088.67 857.33 922.00  02.62 02.62 00.82 
#onoff#off 9  62333.67 0 0 1305.00 44.00 61.67  03.74 00.00 00.47 
#onoff#off 9  62333.67 0 0 54.00  00.00 
#onoff#cal 9  62335.81 0 0 1098.67 869.33 935.33  02.87 02.05 04.11 
#onoff#cal 9  62335.81 0 0 1301.00 45.67 62.67  01.63 00.47 00.47 
#onoff#cal 9  62335.81 0 0 55.00  00.00 
#onoff#on  10 62338.81 0 0  1092.33   864.33   932.33   03.86  06.55  11.90 
#onoff#on  10 62338.81 0 0  1296.33    46.00    64.00   02.62  00.00  00.82 
#onoff#on  10 62338.81 0 0    55.67   00.47 
#onoff#off 10 62341.24 0 0 1088.00 855.00 921.33  04.32 02.16 01.70 
#onoff#off 10 62341.24 0 0 1302.00 44.00 61.33  03.74 00.00 00.47 
#onoff#off 10 62341.24 0 0 53.33  00.47 
#onoff#cal 10 62343.66 0 0 1094.67 857.67 920.00  06.85 01.70 02.45 
#onoff#cal 10 62343.66 0 0 1302.33 44.00 61.33  06.18 00.00 00.47 
#onoff#cal 10 62343.66 0 0 53.33  00.47 
#onoff#sefd              342.07 78.86 0.00  0.00   0.00  0.00  
#onoff#sefd              342.07 78.86 0.00  0.00   0.00  0.00  
#onoff#sefd              342.07 78.86 0.00  0.00   0.00  0.00  
#onoff#sefd              342.07 78.86 0.00   0.00  
#onoff#fluxsrc  gal      342.07 78.86 0.00  0.00   0.00  0.00  
#onoff#fluxsrc  gal      342.07 78.86 0.00  0.00   0.00  0.00  
#onoff#fluxsrc  gal      342.07 78.86 -0.60 -0.70  0.49  0.46  
#onoff#fluxsrc  gal      342.07 78.86 -0.40  0.49  
