#onoff#source gal        030719.8 +581749.4 0000.0 2026.036.17:27:17
#onoff#site   uclo     -0.2500  51.6133  3.00 xxxx 0  0.00  0.00
#onoff#onoff  10 3 2u 3u 0 60 10 10 0.0704 0.0704 1 1
#onoff#origin 0.0000 0.0000 0.0000 0.0000 0.0000 0.0000
#onoff#on  1  62839.11 0 0  1078.67   849.67   913.00   00.94  02.36  00.00 
#onoff#on  1  62839.12 0 0  1296.67    43.33    60.33   03.68  00.47  00.47 
#onoff#on  1  62839.12 0 0    55.00   00.00 
#onoff#off 1  62841.23 0 0 1082.33 849.33 914.00  00.47 01.70 00.00 
#onoff#off 1  62841.23 0 0 1301.00 43.33 60.00  03.74 00.47 00.00 
#onoff#off 1  62841.24 0 0 55.00  00.00 
#onoff#cal 1  62843.36 0 0 1083.67 851.67 916.67  03.09 00.94 01.70 
#onoff#cal 1  62843.36 0 0 1302.00 44.00 61.00  04.55 00.00 00.00 
#onoff#cal 1  62843.36 0 0 55.00  00.00 
#onoff#on  2  62846.25 0 0  1082.33   850.00   917.67   01.25  01.41  02.49 
#onoff#on  2  62846.26 0 0  1298.00    43.33    60.33   00.00  00.47  00.47 
#onoff#on  2  62846.26 0 0    55.00   00.00 
#onoff#off 2  62848.37 0 0 1080.67 848.33 919.00  00.47 00.94 01.41 
#onoff#off 2  62848.37 0 0 1297.00 43.67 61.00  00.82 00.47 00.00 
#onoff#off 2  62848.38 0 0 55.00  00.00 
#onoff#cal 2  62850.39 0 0 1081.33 849.67 917.00  02.87 01.25 00.82 
#onoff#cal 2  62850.39 0 0 1293.67 43.33 61.00  02.49 00.47 00.00 
#onoff#cal 2  62850.39 0 0 55.00  00.00 
#onoff#on  3  62853.42 0 0  1081.33   850.33   918.67   02.62  01.70  02.36 
#onoff#on  3  62853.42 0 0  1297.67    43.00    61.00   03.30  00.00  00.00 
#onoff#on  3  62853.42 0 0    54.67   00.47 
#onoff#off 3  62855.82 0 0 1079.67 849.33 916.33  00.94 00.94 01.70 
#onoff#off 3  62855.82 0 0 1298.33 43.67 60.33  03.09 00.47 00.47 
#onoff#off 3  62855.82 0 0 54.33  00.47 
#onoff#cal 3  62857.78 0 0 1080.67 851.00 917.33  03.09 02.83 01.70 
#onoff#cal 3  62857.78 0 0 1299.33 43.67 60.33  04.50 00.47 00.47 
#onoff#cal 3  62857.79 0 0 54.67  00.47 
#onoff#on  4  62860.41 0 0  1080.00   849.00   917.00   02.45  01.41  01.41 
#onoff#on  4  62860.41 0 0  1297.67    43.33    60.33   03.30  00.47  00.47 
#onoff#on  4  62860.41 0 0    54.33   00.47 
#onoff#off 4  62862.94 0 0 1077.67 850.00 917.00  05.19 01.41 01.41 
#onoff#off 4  62862.94 0 0 1298.33 43.00 61.00  04.50 00.00 00.00 
#onoff#off 4  62862.94 0 0 55.00  00.00 
#onoff#cal 4  62864.9  0 0 1083.33 852.67 918.00  02.49 01.25 00.82 
#onoff#cal 4  62864.9  0 0 1297.67 43.67 61.67  03.68 00.47 00.47 
#onoff#cal 4  62864.91 0 0 55.00  00.00 
#onoff#on  5  62868.35 0 0  1084.00   849.00   917.67   02.83  00.82  01.70 
#onoff#on  5  62868.35 0 0  1301.00    44.00    61.00   03.56  00.00  00.00 
#onoff#on  5  62868.36 0 0    55.00   00.00 
#onoff#off 5  62870.77 0 0 1085.33 853.67 919.67  07.59 01.70 01.25 
#onoff#off 5  62870.77 0 0 1300.33 44.00 61.67  04.03 00.00 00.47 
#onoff#off 5  62870.77 0 0 55.00  00.00 
#onoff#cal 5  62873.12 0 0 1083.33 854.67 920.00  03.30 04.50 02.45 
#onoff#cal 5  62873.13 0 0 1301.67 44.00 61.67  03.30 00.00 00.47 
#onoff#cal 5  62873.13 0 0 55.00  00.00 
#onoff#on  6  62876.14 0 0  1084.33   854.67   921.00   02.49  00.47  01.41 
#onoff#on  6  62876.15 0 0  1296.67    44.00    61.00   03.68  00.00  00.00 
#onoff#on  6  62876.15 0 0    55.00   00.00 
#onoff#off 6  62878.42 0 0 1080.67 854.33 919.33  03.86 01.70 00.47 
#onoff#off 6  62878.42 0 0 1306.00 44.00 61.33  02.94 00.00 00.47 
#onoff#off 6  62878.43 0 0 55.00  00.00 
#onoff#cal 6  62880.67 0 0 1083.33 855.67 923.67  03.30 01.70 01.25 
#onoff#cal 6  62880.67 0 0 1301.33 44.33 61.33  01.25 00.47 00.47 
#onoff#cal 6  62880.67 0 0 55.33  00.47 
#onoff#on  7  62883.63 0 0  1084.33   854.33   922.33   00.47  02.05  02.05 
#onoff#on  7  62883.63 0 0  1300.33    44.33    62.33   01.70  00.47  00.47 
#onoff#on  7  62883.63 0 0    55.67   00.47 
#onoff#off 7  62885.95 0 0 1080.67 854.33 919.00  01.89 02.49 01.63 
#onoff#off 7  62885.95 0 0 1300.67 44.00 61.33  00.94 00.00 00.47 
#onoff#off 7  62885.96 0 0 55.00  00.00 
#onoff#cal 7  62888.35 0 0 1089.33 855.33 919.33  03.09 03.68 00.47 
#onoff#cal 7  62888.36 0 0 1296.67 44.33 61.33  04.03 00.47 00.47 
#onoff#cal 7  62888.36 0 0 55.00  00.00 
#onoff#on  8  62891.38 0 0  1100.33   871.00   938.00   00.94  03.74  02.16 
#onoff#on  8  62891.38 0 0  1303.67    46.67    67.33   03.30  00.47  01.25 
#onoff#on  8  62891.38 0 0    59.33   01.25 
#onoff#off 8  62893.81 0 0 1089.67 861.00 927.67  04.50 04.55 06.65 
#onoff#off 8  62893.82 0 0 1296.00 44.00 61.67  07.26 00.00 00.47 
#onoff#off 8  62893.82 0 0 55.33  00.47 
#onoff#cal 8  62896.17 0 0 1082.67 850.33 920.67  01.70 00.94 01.25 
#onoff#cal 8  62896.17 0 0 1303.00 44.00 61.33  04.32 00.00 00.47 
#onoff#cal 8  62896.18 0 0 55.67  00.47 
#onoff#on  9  62899.13 0 0  1086.33   854.67   925.33   03.86  03.77  01.89 
#onoff#on  9  62899.14 0 0  1300.67    44.00    61.00   03.40  00.00  00.00 
#onoff#on  9  62899.14 0 0    56.00   00.00 
#onoff#off 9  62901.63 0 0 1088.00 857.67 925.67  02.94 03.86 01.25 
#onoff#off 9  62901.63 0 0 1300.00 43.67 61.00  05.35 00.47 00.00 
#onoff#off 9  62901.63 0 0 55.33  00.47 
#onoff#cal 9  62903.8  0 0 1090.00 858.00 924.67  02.16 00.82 01.70 
#onoff#cal 9  62903.8  0 0 1307.33 44.00 60.67  03.09 00.00 00.47 
#onoff#cal 9  62903.81 0 0 55.00  00.00 
#onoff#on  10 62906.7  0 0  1092.67   864.00   928.33   03.30  07.12  06.24 
#onoff#on  10 62906.7  0 0  1301.67    44.67    62.00   01.70  00.47  00.82 
#onoff#on  10 62906.7  0 0    55.33   00.47 
#onoff#off 10 62909.12 0 0 1090.67 859.33 924.00  04.64 01.25 00.82 
#onoff#off 10 62909.12 0 0 1297.67 45.00 62.00  06.94 00.00 00.82 
#onoff#off 10 62909.12 0 0 56.00  00.00 
#onoff#cal 10 62911.38 0 0 1089.33 855.00 923.33  03.09 02.94 03.30 
#onoff#cal 10 62911.38 0 0 1301.67 45.00 61.67  00.94 00.00 00.47 
#onoff#cal 10 62911.38 0 0 56.67  00.47 
#onoff#sefd              34.30 81.54 0.00  0.00   0.00  0.00  
#onoff#sefd              34.30 81.54 0.00  0.00   0.00  0.00  
#onoff#sefd              34.30 81.54 0.00  0.00   0.00  0.00  
#onoff#sefd              34.30 81.54 0.00   0.00  
#onoff#fluxsrc  gal      34.30 81.54 0.00  0.00   0.00  0.00  
#onoff#fluxsrc  gal      34.30 81.54 0.00  0.00   0.00  0.00  
#onoff#fluxsrc  gal      34.30 81.54 -0.40 -0.50  0.49  0.50  
#onoff#fluxsrc  gal      34.30 81.54 -0.50  0.50  
