#onoff#source gal        013100.4 +520808.0 0000.0 2026.036.16:32:50
#onoff#site   uclo     -0.2500  51.6133  3.00 xxxx 0  0.00  0.00
#onoff#onoff  10 3 2u 3u 0 60 10 10 0.0704 0.0704 1 1
#onoff#origin 0.0000 0.0000 0.0000 0.0000 0.0000 0.0000
#onoff#on  1  59572.36 0 0  1206.33  1019.00  1089.00   25.53  44.03  43.57 
#onoff#on  1  59572.36 0 0  1330.67    51.33    73.00   02.05  01.25  02.16 
#onoff#on  1  59572.37 0 0    65.67   02.87 
#onoff#off 1  59588.77 0 0 1085.67 855.67 927.67  07.85 05.73 04.50 
#onoff#off 1  59588.77 0 0 1299.00 47.67 65.33  02.83 00.47 00.47 
#onoff#off 1  59588.77 0 0 59.33  00.47 
#onoff#cal 1  59590.81 0 0 1080.00 848.67 927.67  01.41 02.49 03.86 
#onoff#cal 1  59590.81 0 0 1302.33 47.00 64.67  04.11 00.82 00.47 
#onoff#cal 1  59590.81 0 0 60.00  00.82 
#onoff#on  2  59593.35 0 0  1081.67   849.00   930.67   03.30  02.94  05.79 
#onoff#on  2  59593.36 0 0  1301.67    47.00    65.33   04.50  00.00  00.47 
#onoff#on  2  59593.36 0 0    60.33   00.94 
#onoff#off 2  59595.78 0 0 1090.33 861.67 957.33  03.40 03.30 17.25 
#onoff#off 2  59595.78 0 0 1304.33 48.00 66.00  07.72 00.00 00.82 
#onoff#off 2  59595.78 0 0 63.33  01.70 
#onoff#cal 2  59597.82 0 0 1088.00 853.67 931.33  05.10 04.50 09.74 
#onoff#cal 2  59597.83 0 0 1302.67 46.67 63.67  06.85 00.47 00.47 
#onoff#cal 2  59597.83 0 0 59.33  00.47 
#onoff#on  3  59600.36 0 0  1109.33   877.67   954.00   07.41  11.09  14.35 
#onoff#on  3  59600.37 0 0  1301.33    47.67    64.67   07.41  00.47  00.47 
#onoff#on  3  59600.37 0 0    60.67   01.70 
#onoff#off 3  59602.78 0 0 1079.33 850.00 926.00  02.62 02.45 01.63 
#onoff#off 3  59602.78 0 0 1301.33 46.00 63.67  02.49 00.00 00.47 
#onoff#off 3  59602.78 0 0 58.00  00.00 
#onoff#cal 3  59604.81 0 0 1080.33 851.33 925.00  02.62 04.50 02.16 
#onoff#cal 3  59604.81 0 0 1301.67 46.33 64.00  06.13 00.47 00.00 
#onoff#cal 3  59604.81 0 0 58.33  00.47 
#onoff#on  4  59607.4  0 0  1076.67   846.00   920.33   01.70  02.16  04.03 
#onoff#on  4  59607.4  0 0  1301.00    46.33    64.33   05.89  00.47  00.47 
#onoff#on  4  59607.4  0 0    58.33   00.47 
#onoff#off 4  59609.76 0 0 1081.33 851.33 926.33  02.05 02.05 01.25 
#onoff#off 4  59609.76 0 0 1307.00 46.00 63.67  03.74 00.00 00.94 
#onoff#off 4  59609.76 0 0 58.00  00.82 
#onoff#cal 4  59611.8  0 0 1078.67 848.67 920.00  01.70 01.70 02.94 
#onoff#cal 4  59611.8  0 0 1302.33 46.00 63.00  02.05 00.00 00.00 
#onoff#cal 4  59611.8  0 0 57.00  00.00 
#onoff#on  5  59614.63 0 0  1087.33   854.00   923.67   01.89  01.63  02.36 
#onoff#on  5  59614.63 0 0  1305.33    46.00    62.33   01.89  00.00  00.47 
#onoff#on  5  59614.63 0 0    57.33   00.47 
#onoff#off 5  59616.93 0 0 1085.67 855.00 928.00  02.87 02.94 02.94 
#onoff#off 5  59616.93 0 0 1305.33 45.67 63.00  00.94 00.47 00.00 
#onoff#off 5  59616.93 0 0 57.00  00.00 
#onoff#cal 5  59619.21 0 0 1078.33 851.67 928.33  01.89 01.70 00.47 
#onoff#cal 5  59619.21 0 0 1304.33 45.67 63.00  04.03 00.47 00.00 
#onoff#cal 5  59619.21 0 0 57.00  00.00 
#onoff#on  6  59621.96 0 0  1083.00   857.00   930.33   05.72  00.00  00.47 
#onoff#on  6  59621.96 0 0  1302.33    45.67    62.67   03.68  00.47  00.47 
#onoff#on  6  59621.96 0 0    57.00   00.00 
#onoff#off 6  59624.23 0 0 1080.00 852.33 926.67  02.83 01.70 01.89 
#onoff#off 6  59624.23 0 0 1305.33 46.00 63.00  01.25 00.00 00.00 
#onoff#off 6  59624.23 0 0 57.00  00.00 
#onoff#cal 6  59626.39 0 0 1079.00 852.00 922.00  02.94 01.41 00.82 
#onoff#cal 6  59626.39 0 0 1304.67 46.33 63.33  01.70 00.47 00.47 
#onoff#cal 6  59626.39 0 0 57.67  00.47 
#onoff#on  7  59629.24 0 0  1084.33   850.33   920.67   04.50  01.25  01.25 
#onoff#on  7  59629.24 0 0  1304.00    46.33    63.33   00.82  00.47  00.47 
#onoff#on  7  59629.24 0 0    58.00   00.00 
#onoff#off 7  59631.4  0 0 1085.33 852.33 922.33  00.94 02.49 01.25 
#onoff#off 7  59631.4  0 0 1306.67 46.67 63.00  00.94 00.47 00.00 
#onoff#off 7  59631.4  0 0 57.33  00.47 
#onoff#cal 7  59633.63 0 0 1087.67 850.00 923.67  03.77 02.16 00.94 
#onoff#cal 7  59633.63 0 0 1303.33 46.67 63.00  04.50 00.47 00.00 
#onoff#cal 7  59633.63 0 0 57.33  00.47 
#onoff#on  8  59636.35 0 0  1080.67   854.67   925.67   03.86  02.05  00.47 
#onoff#on  8  59636.35 0 0  1305.00    47.00    64.00   01.41  00.00  00.00 
#onoff#on  8  59636.36 0 0    58.33   00.47 
#onoff#off 8  59638.8  0 0 1079.00 851.00 923.00  02.16 01.63 02.94 
#onoff#off 8  59638.81 0 0 1302.33 47.00 63.33  04.64 00.00 00.47 
#onoff#off 8  59638.81 0 0 58.33  00.47 
#onoff#cal 8  59640.93 0 0 1086.67 855.00 923.00  01.89 01.63 02.16 
#onoff#cal 8  59640.93 0 0 1300.33 46.33 63.67  03.30 00.47 00.47 
#onoff#cal 8  59640.93 0 0 57.67  00.47 
#onoff#on  9  59643.7  0 0  1078.67   850.67   923.67   02.49  01.25  02.49 
#onoff#on  9  59643.7  0 0  1307.00    46.33    63.33   01.41  00.47  00.47 
#onoff#on  9  59643.7  0 0    57.33   00.47 
#onoff#off 9  59645.93 0 0 1088.33 853.33 923.67  03.09 03.30 01.25 
#onoff#off 9  59645.93 0 0 1298.00 45.33 62.00  03.74 00.47 00.00 
#onoff#off 9  59645.93 0 0 57.00  00.00 
#onoff#cal 9  59648.15 0 0 1074.33 845.00 921.67  03.30 00.82 01.70 
#onoff#cal 9  59648.16 0 0 1300.67 45.33 62.33  03.30 00.47 00.47 
#onoff#cal 9  59648.16 0 0 57.33  00.47 
#onoff#on  10 59650.82 0 0  1082.33   849.00   925.00   02.87  01.63  02.16 
#onoff#on  10 59650.82 0 0  1304.33    47.00    63.33   05.44  00.82  00.47 
#onoff#on  10 59650.82 0 0    57.67   00.47 
#onoff#off 10 59652.94 0 0 1085.67 852.33 923.33  05.91 01.25 01.89 
#onoff#off 10 59652.94 0 0 1301.33 46.00 62.67  06.02 00.00 00.47 
#onoff#off 10 59652.94 0 0 56.67  00.47 
#onoff#cal 10 59655.19 0 0 1082.67 852.33 932.33  02.05 01.70 01.70 
#onoff#cal 10 59655.19 0 0 1306.33 46.00 63.00  02.05 00.00 00.00 
#onoff#cal 10 59655.19 0 0 57.33  00.47 
#onoff#sefd              284.87 88.96 0.00  0.00   0.00  0.00  
#onoff#sefd              284.87 88.96 0.00  0.00   0.00  0.00  
#onoff#sefd              284.87 88.96 0.00  0.00   0.00  0.00  
#onoff#sefd              284.87 88.96 0.00   0.00  
#onoff#fluxsrc  gal      284.87 88.96 0.00  -0.10  0.00  0.30  
#onoff#fluxsrc  gal      284.87 88.96 -0.20 0.00   0.40  0.00  
#onoff#fluxsrc  gal      284.87 88.96 -0.50 -0.20  0.50  0.40  
#onoff#fluxsrc  gal      284.87 88.96 -0.20  0.40  
