#onoff#source gal        034638.3 +802236.2 0000.0 2026.036.17:06:32
#onoff#site   uclo     -0.2500  51.6133  3.00 xxxx 0  0.00  0.00
#onoff#onoff  10 3 2u 3u 0 60 10 10 0.0704 0.0704 1 1
#onoff#origin 0.0000 0.0000 0.0000 0.0000 0.0000 0.0000
#onoff#on  1  61594.02 0 0  1103.33   841.00   911.67   13.20  09.27  06.13 
#onoff#on  1  61594.03 0 0  1298.67    42.67    57.67   02.05  00.47  00.47 
#onoff#on  1  61594.03 0 0    50.67   00.47 
#onoff#off 1  61596.09 0 0 1093.00 830.00 904.67  02.94 04.97 06.65 
#onoff#off 1  61596.09 0 0 1301.33 43.67 58.33  04.50 02.36 03.30 
#onoff#off 1  61596.1  0 0 51.33  01.89 
#onoff#cal 1  61598.06 0 0 1091.67 830.67 904.67  05.91 07.41 07.04 
#onoff#cal 1  61598.06 0 0 1301.33 42.67 57.00  06.02 00.94 00.82 
#onoff#cal 1  61598.06 0 0 50.33  00.47 
#onoff#on  2  61600.68 0 0  1085.67   822.33   895.00   00.94  00.47  01.41 
#onoff#on  2  61600.68 0 0  1295.33    41.33    56.00   02.62  00.47  00.00 
#onoff#on  2  61600.68 0 0    49.00   00.00 
#onoff#off 2  61602.93 0 0 1082.33 820.67 896.33  03.30 01.70 01.25 
#onoff#off 2  61602.93 0 0 1293.67 42.00 56.00  05.31 00.00 00.00 
#onoff#off 2  61602.93 0 0 50.00  00.00 
#onoff#cal 2  61604.96 0 0 1082.00 821.00 897.33  01.63 00.82 00.94 
#onoff#cal 2  61604.96 0 0 1297.00 42.00 56.00  02.83 00.00 00.00 
#onoff#cal 2  61604.96 0 0 50.00  00.00 
#onoff#on  3  61607.64 0 0  1079.33   820.00   895.00   01.25  00.00  00.82 
#onoff#on  3  61607.64 0 0  1298.00    42.00    56.00   07.07  00.00  00.00 
#onoff#on  3  61607.64 0 0    50.00   00.00 
#onoff#off 3  61609.96 0 0 1082.00 821.67 896.00  02.94 00.47 01.41 
#onoff#off 3  61609.96 0 0 1296.00 42.00 56.00  04.55 00.00 00.00 
#onoff#off 3  61609.96 0 0 49.67  00.47 
#onoff#cal 3  61612.05 0 0 1085.00 819.67 896.67  04.32 00.94 02.05 
#onoff#cal 3  61612.05 0 0 1294.67 42.00 56.00  04.11 00.00 00.00 
#onoff#cal 3  61612.05 0 0 50.00  00.00 
#onoff#on  4  61614.77 0 0  1082.33   821.00   897.00   03.09  00.82  01.41 
#onoff#on  4  61614.77 0 0  1300.00    42.00    56.00   02.16  00.00  00.00 
#onoff#on  4  61614.78 0 0    50.00   00.00 
#onoff#off 4  61617.08 0 0 1084.33 822.00 897.33  01.70 00.82 01.25 
#onoff#off 4  61617.09 0 0 1302.67 42.00 56.00  01.25 00.00 00.00 
#onoff#off 4  61617.09 0 0 49.67  00.47 
#onoff#cal 4  61619.32 0 0 1083.33 821.33 898.67  02.49 01.25 01.25 
#onoff#cal 4  61619.32 0 0 1296.67 42.00 56.00  02.05 00.00 00.00 
#onoff#cal 4  61619.33 0 0 50.00  00.00 
#onoff#on  5  61622.16 0 0  1081.33   820.00   895.33   00.94  01.41  01.25 
#onoff#on  5  61622.16 0 0  1298.33    42.00    56.00   02.49  00.00  00.00 
#onoff#on  5  61622.16 0 0    49.33   00.47 
#onoff#off 5  61624.46 0 0 1082.33 819.67 895.33  01.25 00.47 01.25 
#onoff#off 5  61624.47 0 0 1296.33 42.00 56.00  05.56 00.00 00.00 
#onoff#off 5  61624.47 0 0 49.33  00.47 
#onoff#cal 5  61626.62 0 0 1083.33 821.33 894.67  02.05 02.05 02.05 
#onoff#cal 5  61626.62 0 0 1299.33 41.33 55.33  04.50 00.47 00.47 
#onoff#cal 5  61626.62 0 0 49.67  00.47 
#onoff#on  6  61629.47 0 0  1085.00   823.33   895.67   02.16  00.47  01.25 
#onoff#on  6  61629.47 0 0  1294.67    41.67    55.33   06.60  00.47  00.47 
#onoff#on  6  61629.47 0 0    49.33   00.47 
#onoff#off 6  61631.69 0 0 1086.33 823.33 897.33  01.25 01.89 01.70 
#onoff#off 6  61631.69 0 0 1302.00 41.67 55.67  01.41 00.47 00.47 
#onoff#off 6  61631.69 0 0 49.67  00.47 
#onoff#cal 6  61633.88 0 0 1085.67 822.33 896.00  01.25 01.70 00.00 
#onoff#cal 6  61633.88 0 0 1298.33 41.67 55.67  02.49 00.47 00.47 
#onoff#cal 6  61633.88 0 0 49.33  00.47 
#onoff#on  7  61636.71 0 0  1082.00   822.00   896.33   02.16  00.82  00.47 
#onoff#on  7  61636.71 0 0  1298.33    41.33    55.00   02.49  00.47  00.00 
#onoff#on  7  61636.71 0 0    50.00   00.00 
#onoff#off 7  61639.04 0 0 1085.33 825.67 904.00  02.62 02.87 07.48 
#onoff#off 7  61639.04 0 0 1301.00 42.00 55.00  02.16 00.00 00.00 
#onoff#off 7  61639.04 0 0 50.00  00.00 
#onoff#cal 7  61641.2  0 0 1083.33 821.67 894.00  02.05 02.05 00.82 
#onoff#cal 7  61641.21 0 0 1297.00 42.00 55.33  03.27 00.00 00.47 
#onoff#cal 7  61641.21 0 0 49.67  00.47 
#onoff#on  8  61643.99 0 0  1083.00   821.33   895.67   02.94  00.47  00.94 
#onoff#on  8  61644    0 0  1301.67    41.67    55.00   04.78  00.47  00.00 
#onoff#on  8  61644    0 0    49.00   00.00 
#onoff#off 8  61646.26 0 0 1082.67 819.33 895.00  01.70 01.25 02.16 
#onoff#off 8  61646.26 0 0 1298.33 41.33 55.00  02.05 00.47 00.00 
#onoff#off 8  61646.26 0 0 49.00  00.00 
#onoff#cal 8  61648.42 0 0 1085.33 818.00 893.33  02.62 00.82 01.70 
#onoff#cal 8  61648.42 0 0 1293.67 41.67 55.00  03.40 00.47 00.00 
#onoff#cal 8  61648.42 0 0 49.00  00.00 
#onoff#on  9  61651.33 0 0  1083.33   822.67   895.67   03.09  01.89  02.05 
#onoff#on  9  61651.33 0 0  1300.67    41.67    55.00   03.68  00.47  00.00 
#onoff#on  9  61651.33 0 0    49.33   00.47 
#onoff#off 9  61653.68 0 0 1087.00 822.67 898.00  04.55 02.05 02.94 
#onoff#off 9  61653.68 0 0 1297.67 41.67 55.00  05.19 00.47 00.00 
#onoff#off 9  61653.69 0 0 49.33  00.47 
#onoff#cal 9  61655.87 0 0 1086.00 825.33 898.00  01.41 00.47 00.82 
#onoff#cal 9  61655.87 0 0 1297.67 42.33 55.00  00.94 00.47 00.00 
#onoff#cal 9  61655.87 0 0 50.00  00.00 
#onoff#on  10 61658.69 0 0  1083.67   821.67   898.33   03.68  00.47  00.94 
#onoff#on  10 61658.69 0 0  1296.33    42.00    55.00   05.19  00.00  00.00 
#onoff#on  10 61658.69 0 0    49.67   00.47 
#onoff#off 10 61660.99 0 0 1087.00 822.67 900.33  01.63 02.05 02.49 
#onoff#off 10 61660.99 0 0 1295.67 41.33 55.00  03.86 00.47 00.00 
#onoff#off 10 61660.99 0 0 50.00  00.00 
#onoff#cal 10 61663.17 0 0 1087.00 823.00 899.00  04.32 00.82 02.16 
#onoff#cal 10 61663.17 0 0 1299.67 41.67 55.00  03.09 00.47 00.00 
#onoff#cal 10 61663.17 0 0 49.67  00.47 
#onoff#sefd              7.89 60.18 0.00  0.00   0.00  0.00  
#onoff#sefd              7.89 60.18 0.00  0.00   0.00  0.00  
#onoff#sefd              7.89 60.18 0.00  0.00   0.00  0.00  
#onoff#sefd              7.89 60.18 0.00   0.00  
#onoff#fluxsrc  gal      7.89 60.18 -0.10 0.00   0.30  0.00  
#onoff#fluxsrc  gal      7.89 60.18 -0.20 -0.20  0.40  0.40  
#onoff#fluxsrc  gal      7.89 60.18 -0.50 -0.70  0.50  0.46  
#onoff#fluxsrc  gal      7.89 60.18 -0.20  0.40  
