#onoff#source gal        015221.6 +620213.5 0000.0 2026.036.16:41:17
#onoff#site   uclo     -0.2500  51.6133  3.00 xxxx 0  0.00  0.00
#onoff#onoff  10 3 2u 3u 0 60 10 10 0.0704 0.0704 1 1
#onoff#origin 0.0000 0.0000 0.0000 0.0000 0.0000 0.0000
#onoff#on  1  60078.85 0 0  1103.33   865.33   918.00   03.09  01.25  01.41 
#onoff#on  1  60078.86 0 0  1300.00    44.00    61.33   02.16  00.00  00.47 
#onoff#on  1  60078.86 0 0    54.00   00.00 
#onoff#off 1  60080.93 0 0 1107.67 869.33 920.33  04.03 02.62 02.62 
#onoff#off 1  60080.94 0 0 1294.67 44.33 62.33  01.70 00.47 00.47 
#onoff#off 1  60080.94 0 0 55.00  00.82 
#onoff#cal 1  60082.81 0 0 1108.33 866.67 921.33  01.70 03.86 02.05 
#onoff#cal 1  60082.82 0 0 1303.67 44.00 61.00  02.05 00.00 00.00 
#onoff#cal 1  60082.82 0 0 53.67  00.47 
#onoff#on  2  60085.36 0 0  1110.67   869.33   920.33   03.77  04.03  02.49 
#onoff#on  2  60085.37 0 0  1302.00    43.00    59.67   02.45  00.00  00.47 
#onoff#on  2  60085.37 0 0    53.00   00.00 
#onoff#off 2  60087.82 0 0 1110.33 870.67 923.33  04.92 02.49 01.70 
#onoff#off 2  60087.82 0 0 1306.67 43.33 59.67  03.30 00.47 00.47 
#onoff#off 2  60087.82 0 0 53.00  00.00 
#onoff#cal 2  60089.8  0 0 1110.67 868.00 921.00  04.03 04.97 02.16 
#onoff#cal 2  60089.81 0 0 1300.67 43.00 59.00  02.05 00.00 00.00 
#onoff#cal 2  60089.81 0 0 53.00  00.00 
#onoff#on  3  60092.36 0 0  1111.67   869.00   923.67   02.49  03.27  01.25 
#onoff#on  3  60092.36 0 0  1301.00    43.33    60.00   02.94  00.47  00.00 
#onoff#on  3  60092.36 0 0    53.00   00.00 
#onoff#off 3  60094.76 0 0 1108.33 872.33 923.00  01.89 01.70 02.16 
#onoff#off 3  60094.76 0 0 1300.33 44.33 61.00  01.25 00.47 00.00 
#onoff#off 3  60094.76 0 0 54.00  00.00 
#onoff#cal 3  60096.81 0 0 1107.67 870.67 922.33  02.49 01.70 01.70 
#onoff#cal 3  60096.81 0 0 1301.67 44.00 61.00  01.25 00.00 00.00 
#onoff#cal 3  60096.81 0 0 54.00  00.00 
#onoff#on  4  60099.63 0 0  1108.67   866.33   918.33   04.99  01.25  02.05 
#onoff#on  4  60099.64 0 0  1300.00    43.33    61.00   04.08  00.47  00.82 
#onoff#on  4  60099.64 0 0    53.67   00.47 
#onoff#off 4  60102.06 0 0 1106.33 863.67 919.00  03.68 00.47 02.45 
#onoff#off 4  60102.06 0 0 1299.00 43.00 59.33  07.48 00.00 00.47 
#onoff#off 4  60102.06 0 0 53.00  00.00 
#onoff#cal 4  60104.35 0 0 1105.67 867.00 919.00  02.49 01.41 02.16 
#onoff#cal 4  60104.36 0 0 1297.00 43.00 59.67  00.00 00.00 00.47 
#onoff#cal 4  60104.36 0 0 53.00  00.00 
#onoff#on  5  60107.25 0 0  1106.00   868.33   930.33   07.79  03.40  11.03 
#onoff#on  5  60107.25 0 0  1306.33    43.00    59.67   04.78  00.00  00.47 
#onoff#on  5  60107.25 0 0    53.67   00.94 
#onoff#off 5  60109.47 0 0 1104.33 861.67 918.67  03.40 00.94 02.62 
#onoff#off 5  60109.47 0 0 1301.33 43.00 59.67  04.50 00.00 00.47 
#onoff#off 5  60109.47 0 0 53.00  00.00 
#onoff#cal 5  60111.65 0 0 1111.33 873.67 931.67  06.60 05.79 04.03 
#onoff#cal 5  60111.65 0 0 1305.67 43.67 60.00  05.31 00.47 00.00 
#onoff#cal 5  60111.65 0 0 53.33  00.47 
#onoff#on  6  60114.34 0 0  1118.33   880.00   929.33   02.49  03.74  04.19 
#onoff#on  6  60114.35 0 0  1304.00    43.33    59.67   06.16  00.47  00.47 
#onoff#on  6  60114.35 0 0    53.00   00.00 
#onoff#off 6  60116.77 0 0 1113.33 873.67 925.00  02.05 06.80 06.38 
#onoff#off 6  60116.77 0 0 1305.67 43.33 60.00  05.44 00.47 00.00 
#onoff#off 6  60116.77 0 0 53.67  00.47 
#onoff#cal 6  60118.84 0 0 1107.67 871.33 920.67  02.62 02.87 02.62 
#onoff#cal 6  60118.84 0 0 1301.67 43.33 60.00  04.50 00.47 00.00 
#onoff#cal 6  60118.84 0 0 53.00  00.00 
#onoff#on  7  60121.63 0 0  1111.33   872.67   920.33   03.86  02.05  01.70 
#onoff#on  7  60121.64 0 0  1304.00    43.00    59.33   04.08  00.00  00.47 
#onoff#on  7  60121.64 0 0    53.33   00.47 
#onoff#off 7  60123.93 0 0 1111.33 870.67 921.00  03.40 02.49 02.83 
#onoff#off 7  60123.94 0 0 1299.33 43.33 60.00  04.78 00.47 00.82 
#onoff#off 7  60123.94 0 0 53.33  00.47 
#onoff#cal 7  60126.17 0 0 1108.67 866.67 920.33  04.64 00.94 02.49 
#onoff#cal 7  60126.17 0 0 1304.67 43.33 59.33  04.64 00.47 00.47 
#onoff#cal 7  60126.17 0 0 53.00  00.00 
#onoff#on  8  60128.81 0 0  1105.67   862.67   919.00   00.94  02.36  04.55 
#onoff#on  8  60128.82 0 0  1298.33    43.00    59.00   06.65  00.00  00.00 
#onoff#on  8  60128.82 0 0    53.00   00.00 
#onoff#off 8  60130.95 0 0 1101.33 862.33 914.67  01.70 03.30 01.70 
#onoff#off 8  60130.95 0 0 1298.00 43.00 59.00  04.08 00.00 00.00 
#onoff#off 8  60130.95 0 0 53.00  00.00 
#onoff#cal 8  60133.19 0 0 1106.67 861.67 916.00  03.68 00.94 01.41 
#onoff#cal 8  60133.19 0 0 1301.67 42.67 59.00  02.36 00.47 00.00 
#onoff#cal 8  60133.2  0 0 53.00  00.00 
#onoff#on  9  60135.95 0 0  1101.33   859.67   914.33   00.94  00.94  00.94 
#onoff#on  9  60135.96 0 0  1302.67    42.67    59.00   03.30  00.47  00.00 
#onoff#on  9  60135.96 0 0    52.67   00.47 
#onoff#off 9  60138.22 0 0 1104.00 863.33 916.33  00.82 01.70 00.94 
#onoff#off 9  60138.22 0 0 1301.33 43.33 59.33  04.03 00.47 00.47 
#onoff#off 9  60138.23 0 0 53.00  00.00 
#onoff#cal 9  60140.38 0 0 1112.67 868.67 919.00  06.02 02.36 01.41 
#onoff#cal 9  60140.38 0 0 1301.00 43.33 60.33  04.32 00.47 00.47 
#onoff#cal 9  60140.39 0 0 53.33  00.47 
#onoff#on  10 60143.22 0 0  1105.67   864.00   915.00   01.89  03.27  02.83 
#onoff#on  10 60143.22 0 0  1299.33    43.00    59.67   04.50  00.00  00.47 
#onoff#on  10 60143.22 0 0    53.00   00.00 
#onoff#off 10 60145.37 0 0 1122.33 879.67 926.00  02.87 07.13 09.93 
#onoff#off 10 60145.38 0 0 1302.33 43.67 60.67  06.02 00.94 01.70 
#onoff#off 10 60145.38 0 0 54.33  01.89 
#onoff#cal 10 60147.66 0 0 1120.67 880.33 928.67  11.95 14.38 07.85 
#onoff#cal 10 60147.66 0 0 1305.67 43.33 61.00  07.59 00.47 01.41 
#onoff#cal 10 60147.67 0 0 54.00  00.82 
#onoff#sefd              4.87 79.53 0.00  0.00   0.00  0.00  
#onoff#sefd              4.87 79.53 0.00  0.00   0.00  0.00  
#onoff#sefd              4.87 79.53 0.00  0.00   0.00  0.00  
#onoff#sefd              4.87 79.53 0.00   0.00  
#onoff#fluxsrc  gal      4.87 79.53 0.00  0.00   0.00  0.00  
#onoff#fluxsrc  gal      4.87 79.53 -0.10 0.00   0.30  0.00  
#onoff#fluxsrc  gal      4.87 79.53 -0.40 -0.30  0.49  0.46  
#onoff#fluxsrc  gal      4.87 79.53 -0.40  0.49  
