#onoff#source gal        030722.0 +581757.4 0000.0 2026.036.17:21:22
#onoff#site   uclo     -0.2500  51.6133  3.00 xxxx 0  0.00  0.00
#onoff#onoff  10 3 2u 3u 0 60 10 10 0.0704 0.0704 1 1
#onoff#origin 0.0000 0.0000 0.0000 0.0000 0.0000 0.0000
#onoff#on  1  62483.74 0 0  1087.33   851.33   920.33   01.25  01.89  02.62 
#onoff#on  1  62483.74 0 0  1299.33    44.00    61.67   06.80  00.00  00.47 
#onoff#on  1  62483.74 0 0    55.33   00.47 
#onoff#off 1  62485.94 0 0 1089.33 850.33 917.67  05.73 01.70 00.94 
#onoff#off 1  62485.94 0 0 1300.00 44.00 61.00  01.41 00.00 00.00 
#onoff#off 1  62485.94 0 0 55.00  00.00 
#onoff#cal 1  62488.11 0 0 1082.33 850.00 917.00  01.70 00.82 02.16 
#onoff#cal 1  62488.11 0 0 1300.00 44.00 61.00  03.27 00.00 00.00 
#onoff#cal 1  62488.12 0 0 55.67  00.47 
#onoff#on  2  62490.81 0 0  1084.67   853.67   921.33   04.03  02.05  00.47 
#onoff#on  2  62490.81 0 0  1297.33    44.33    61.67   03.86  00.47  00.47 
#onoff#on  2  62490.81 0 0    56.00   00.00 
#onoff#off 2  62492.94 0 0 1087.33 852.00 922.67  03.30 01.63 01.70 
#onoff#off 2  62492.94 0 0 1300.67 44.33 62.00  02.49 00.47 00.00 
#onoff#off 2  62492.94 0 0 56.00  00.00 
#onoff#cal 2  62495.13 0 0 1091.67 853.67 922.00  02.49 02.05 02.83 
#onoff#cal 2  62495.13 0 0 1300.33 44.00 61.33  03.40 00.00 00.47 
#onoff#cal 2  62495.13 0 0 55.33  00.47 
#onoff#on  3  62497.81 0 0  1082.67   853.00   921.67   02.87  02.94  02.05 
#onoff#on  3  62497.82 0 0  1298.00    44.00    61.00   04.55  00.00  00.00 
#onoff#on  3  62497.82 0 0    55.00   00.00 
#onoff#off 3  62500.13 0 0 1089.00 853.33 921.33  02.83 02.49 01.70 
#onoff#off 3  62500.13 0 0 1300.33 44.00 61.33  02.62 00.00 00.47 
#onoff#off 3  62500.13 0 0 55.33  00.47 
#onoff#cal 3  62502.35 0 0 1090.00 853.00 923.00  02.16 03.56 01.41 
#onoff#cal 3  62502.36 0 0 1300.33 44.00 61.67  03.40 00.00 00.47 
#onoff#cal 3  62502.36 0 0 56.00  00.00 
#onoff#on  4  62505.24 0 0  1084.33   853.33   921.67   05.44  01.25  02.49 
#onoff#on  4  62505.24 0 0  1303.00    44.00    62.00   01.41  00.00  00.00 
#onoff#on  4  62505.24 0 0    56.00   00.00 
#onoff#off 4  62507.66 0 0 1082.33 852.33 919.67  01.89 01.25 02.49 
#onoff#off 4  62507.66 0 0 1301.00 44.00 61.00  01.63 00.00 00.00 
#onoff#off 4  62507.66 0 0 55.67  00.47 
#onoff#cal 4  62509.84 0 0 1081.00 854.67 921.33  02.45 02.49 01.70 
#onoff#cal 4  62509.84 0 0 1306.67 44.00 61.00  04.78 00.00 00.00 
#onoff#cal 4  62509.84 0 0 55.00  00.00 
#onoff#on  5  62512.81 0 0  1084.00   850.33   919.33   03.56  02.49  02.36 
#onoff#on  5  62512.81 0 0  1305.67    44.00    61.00   02.49  00.00  00.00 
#onoff#on  5  62512.81 0 0    55.00   00.00 
#onoff#off 5  62515.2  0 0 1085.33 851.00 918.33  00.47 00.82 00.47 
#onoff#off 5  62515.21 0 0 1297.00 43.67 61.00  04.55 00.47 00.00 
#onoff#off 5  62515.21 0 0 55.00  00.00 
#onoff#cal 5  62517.69 0 0 1085.67 852.33 918.33  03.68 01.70 02.05 
#onoff#cal 5  62517.69 0 0 1301.33 43.67 61.00  03.77 00.47 00.00 
#onoff#cal 5  62517.69 0 0 55.00  00.00 
#onoff#on  6  62520.65 0 0  1083.67   849.33   917.00   02.05  02.05  02.16 
#onoff#on  6  62520.65 0 0  1302.33    43.67    60.67   02.49  00.47  00.47 
#onoff#on  6  62520.65 0 0    55.00   00.00 
#onoff#off 6  62522.96 0 0 1079.67 851.33 918.67  03.09 02.05 00.94 
#onoff#off 6  62522.96 0 0 1297.00 44.00 61.00  03.74 00.00 00.00 
#onoff#off 6  62522.96 0 0 55.00  00.00 
#onoff#cal 6  62525.36 0 0 1085.33 854.00 919.33  03.30 01.63 00.47 
#onoff#cal 6  62525.36 0 0 1297.67 44.00 60.67  01.70 00.00 00.47 
#onoff#cal 6  62525.36 0 0 55.00  00.00 
#onoff#on  7  62528.25 0 0  1088.67   858.00   925.67   05.44  02.45  02.49 
#onoff#on  7  62528.25 0 0  1303.00    43.67    61.00   04.08  00.47  00.00 
#onoff#on  7  62528.25 0 0    55.33   00.47 
#onoff#off 7  62530.5  0 0 1088.00 856.67 925.33  00.82 00.94 04.11 
#onoff#off 7  62530.5  0 0 1303.67 44.00 61.67  05.31 00.00 00.47 
#onoff#off 7  62530.5  0 0 56.33  00.47 
#onoff#cal 7  62532.81 0 0 1088.00 862.33 927.67  00.82 01.89 00.47 
#onoff#cal 7  62532.81 0 0 1302.33 46.00 63.67  02.49 00.00 00.47 
#onoff#cal 7  62532.81 0 0 57.00  00.00 
#onoff#on  8  62535.8  0 0  1103.67   876.00   942.00   01.70  03.27  02.94 
#onoff#on  8  62535.81 0 0  1308.67    45.00    64.00   04.78  00.00  02.16 
#onoff#on  8  62535.81 0 0    57.33   00.47 
#onoff#off 8  62538.17 0 0 1100.00 878.33 941.00  01.41 00.47 04.90 
#onoff#off 8  62538.18 0 0 1303.67 45.00 63.67  02.87 00.00 00.47 
#onoff#off 8  62538.18 0 0 58.33  01.25 
#onoff#cal 8  62540.65 0 0 1096.00 867.00 933.00  02.94 02.83 04.32 
#onoff#cal 8  62540.66 0 0 1302.67 44.33 62.67  01.25 00.47 00.94 
#onoff#cal 8  62540.66 0 0 56.67  00.47 
#onoff#on  9  62543.63 0 0  1086.00   861.33   927.67   04.55  05.44  04.50 
#onoff#on  9  62543.64 0 0  1303.67    44.33    61.33   04.64  00.47  00.47 
#onoff#on  9  62543.64 0 0    55.33   00.47 
#onoff#off 9  62545.94 0 0 1086.00 855.00 920.33  05.72 02.94 01.25 
#onoff#off 9  62545.94 0 0 1306.00 44.33 61.33  01.63 00.47 00.47 
#onoff#off 9  62545.94 0 0 55.67  00.47 
#onoff#cal 9  62548.36 0 0 1088.33 854.67 916.67  00.94 03.09 00.47 
#onoff#cal 9  62548.36 0 0 1299.67 44.33 61.33  04.92 00.47 00.47 
#onoff#cal 9  62548.36 0 0 55.67  00.47 
#onoff#on  10 62551.36 0 0  1095.67   867.67   928.00   04.19  03.30  02.94 
#onoff#on  10 62551.37 0 0  1300.00    44.67    62.67   06.48  00.47  00.47 
#onoff#on  10 62551.38 0 0    56.33   00.47 
#onoff#off 10 62553.8  0 0 1093.00 860.33 927.33  02.16 03.30 00.94 
#onoff#off 10 62553.8  0 0 1295.00 45.67 63.67  06.38 00.47 00.47 
#onoff#off 10 62553.8  0 0 57.67  00.47 
#onoff#cal 10 62556.18 0 0 1090.67 862.67 927.67  02.62 02.87 02.62 
#onoff#cal 10 62556.18 0 0 1301.33 47.33 66.33  09.74 01.70 02.05 
#onoff#cal 10 62556.18 0 0 59.67  02.49 
#onoff#sefd              37.99 80.99 0.00  0.00   0.00  0.00  
#onoff#sefd              37.99 80.99 0.00  0.00   0.00  0.00  
#onoff#sefd              37.99 80.99 0.00  0.00   0.00  0.00  
#onoff#sefd              37.99 80.99 0.00   0.00  
#onoff#fluxsrc  gal      37.99 80.99 -0.10 0.00   0.30  0.00  
#onoff#fluxsrc  gal      37.99 80.99 -0.10 -0.20  0.30  0.40  
#onoff#fluxsrc  gal      37.99 80.99 -0.60 -0.40  0.49  0.49  
#onoff#fluxsrc  gal      37.99 80.99 -0.30  0.46  
