#onoff#source gal        034634.0 +802244.3 0000.0 2026.036.17:07:57
#onoff#site   uclo     -0.2500  51.6133  3.00 xxxx 0  0.00  0.00
#onoff#onoff  10 3 2u 3u 0 60 10 10 0.0704 0.0704 1 1
#onoff#origin 0.0000 0.0000 0.0000 0.0000 0.0000 0.0000
#onoff#on  1  61678.88 0 0  1082.67   823.00   897.33   01.25  01.41  00.47 
#onoff#on  1  61678.88 0 0  1294.00    41.33    56.00   02.16  00.47  00.00 
#onoff#on  1  61678.88 0 0    50.00   00.00 
#onoff#off 1  61681.4  0 0 1083.67 823.67 896.00  02.36 01.70 01.63 
#onoff#off 1  61681.41 0 0 1297.00 42.00 56.00  04.90 00.00 00.00 
#onoff#off 1  61681.41 0 0 50.00  00.00 
#onoff#cal 1  61683.9  0 0 1093.33 834.67 909.67  07.41 08.99 07.85 
#onoff#cal 1  61683.9  0 0 1293.33 42.33 56.67  02.87 00.47 00.47 
#onoff#cal 1  61683.91 0 0 50.67  00.94 
#onoff#on  2  61686.96 0 0  1084.67   824.00   897.67   02.05  00.82  00.94 
#onoff#on  2  61686.96 0 0  1297.00    41.67    56.00   05.35  00.47  00.00 
#onoff#on  2  61686.96 0 0    50.00   00.00 
#onoff#off 2  61689.04 0 0 1084.00 823.33 897.33  02.16 00.47 00.94 
#onoff#off 2  61689.04 0 0 1299.33 41.67 56.00  04.50 00.47 00.00 
#onoff#off 2  61689.04 0 0 49.33  00.47 
#onoff#cal 2  61690.84 0 0 1086.00 829.00 896.67  00.82 03.56 00.94 
#onoff#cal 2  61690.84 0 0 1297.33 42.00 56.00  03.86 00.00 00.00 
#onoff#cal 2  61690.85 0 0 50.00  00.00 
#onoff#on  3  61693.36 0 0  1082.33   828.67   896.00   04.11  00.94  02.16 
#onoff#on  3  61693.36 0 0  1300.67    42.00    56.00   03.09  00.00  00.00 
#onoff#on  3  61693.37 0 0    49.67   00.47 
#onoff#off 3  61695.69 0 0 1081.67 823.33 894.33  06.24 01.70 00.47 
#onoff#off 3  61695.69 0 0 1300.00 42.00 56.00  02.16 00.00 00.00 
#onoff#off 3  61695.69 0 0 49.33  00.47 
#onoff#cal 3  61697.48 0 0 1086.00 825.00 898.33  01.41 00.82 02.62 
#onoff#cal 3  61697.48 0 0 1294.33 42.00 56.33  04.19 00.00 00.47 
#onoff#cal 3  61697.48 0 0 50.00  00.00 
#onoff#on  4  61700.36 0 0  1084.00   826.67   898.00   02.83  00.47  02.16 
#onoff#on  4  61700.36 0 0  1300.33    42.00    56.67   05.25  00.00  00.47 
#onoff#on  4  61700.37 0 0    50.00   00.00 
#onoff#off 4  61702.71 0 0 1087.33 822.67 895.00  04.64 02.49 00.82 
#onoff#off 4  61702.71 0 0 1297.67 42.00 56.00  04.71 00.00 00.00 
#onoff#off 4  61702.72 0 0 50.00  00.00 
#onoff#cal 4  61704.55 0 0 1081.67 821.67 894.67  01.25 01.25 00.47 
#onoff#cal 4  61704.55 0 0 1296.33 42.00 56.00  00.47 00.00 00.00 
#onoff#cal 4  61704.56 0 0 50.00  00.00 
#onoff#on  5  61707.35 0 0  1085.67   823.00   897.33   02.49  00.00  01.89 
#onoff#on  5  61707.35 0 0  1298.00    42.00    56.00   06.98  00.00  00.00 
#onoff#on  5  61707.36 0 0    50.00   00.00 
#onoff#off 5  61709.69 0 0 1086.67 825.33 897.00  01.25 00.47 00.82 
#onoff#off 5  61709.69 0 0 1295.67 42.00 56.00  01.25 00.00 00.00 
#onoff#off 5  61709.7  0 0 49.67  00.47 
#onoff#cal 5  61711.5  0 0 1086.67 824.33 898.00  03.30 01.25 01.63 
#onoff#cal 5  61711.5  0 0 1295.00 42.00 56.00  04.55 00.00 00.00 
#onoff#cal 5  61711.51 0 0 50.00  00.00 
#onoff#on  6  61714.36 0 0  1084.00   824.33   898.67   02.83  01.70  03.68 
#onoff#on  6  61714.36 0 0  1294.33    42.00    56.00   03.68  00.00  00.00 
#onoff#on  6  61714.36 0 0    50.00   00.00 
#onoff#off 6  61716.7  0 0 1082.67 823.33 897.33  01.70 00.94 00.47 
#onoff#off 6  61716.71 0 0 1295.33 42.00 56.00  02.05 00.00 00.00 
#onoff#off 6  61716.71 0 0 49.67  00.47 
#onoff#cal 6  61718.56 0 0 1087.33 825.67 896.33  01.70 00.47 01.25 
#onoff#cal 6  61718.56 0 0 1299.67 42.00 56.00  07.04 00.00 00.00 
#onoff#cal 6  61718.56 0 0 49.33  00.47 
#onoff#on  7  61721.36 0 0  1088.33   823.00   899.00   05.25  00.82  01.63 
#onoff#on  7  61721.36 0 0  1294.00    42.00    56.00   04.24  00.00  00.00 
#onoff#on  7  61721.36 0 0    49.67   00.47 
#onoff#off 7  61723.7  0 0 1085.67 824.67 898.00  02.36 00.94 00.82 
#onoff#off 7  61723.7  0 0 1295.67 42.00 56.00  02.62 00.00 00.00 
#onoff#off 7  61723.7  0 0 50.00  00.00 
#onoff#cal 7  61725.5  0 0 1083.00 824.00 895.67  00.82 04.55 02.05 
#onoff#cal 7  61725.5  0 0 1293.67 42.00 56.00  04.03 00.00 00.00 
#onoff#cal 7  61725.5  0 0 49.33  00.47 
#onoff#on  8  61728.36 0 0  1082.67   823.67   897.00   01.70  01.25  02.45 
#onoff#on  8  61728.36 0 0  1292.67    41.67    55.67   00.94  00.47  00.47 
#onoff#on  8  61728.36 0 0    49.33   00.47 
#onoff#off 8  61730.71 0 0 1082.00 825.33 899.00  04.55 02.49 01.41 
#onoff#off 8  61730.71 0 0 1295.00 41.67 56.00  00.82 00.47 00.00 
#onoff#off 8  61730.72 0 0 49.67  00.47 
#onoff#cal 8  61732.52 0 0 1085.00 821.33 898.33  03.74 00.94 02.36 
#onoff#cal 8  61732.52 0 0 1295.67 41.67 56.00  04.78 00.47 00.00 
#onoff#cal 8  61732.52 0 0 49.33  00.47 
#onoff#on  9  61735.35 0 0  1081.67   822.00   897.33   03.68  01.63  01.25 
#onoff#on  9  61735.36 0 0  1302.00    42.00    56.00   06.68  00.00  00.00 
#onoff#on  9  61735.36 0 0    49.33   00.47 
#onoff#off 9  61737.76 0 0 1081.00 821.67 896.00  03.56 00.47 01.41 
#onoff#off 9  61737.76 0 0 1296.00 41.67 55.67  05.10 00.47 00.47 
#onoff#off 9  61737.76 0 0 49.67  00.47 
#onoff#cal 9  61739.59 0 0 1085.67 824.67 899.00  02.36 00.47 01.41 
#onoff#cal 9  61739.59 0 0 1301.00 42.00 56.00  01.41 00.00 00.00 
#onoff#cal 9  61739.59 0 0 50.00  00.00 
#onoff#on  10 61742.35 0 0  1086.00   832.33   905.33   01.63  00.47  03.68 
#onoff#on  10 61742.35 0 0  1299.67    42.00    56.67   03.30  00.00  00.47 
#onoff#on  10 61742.35 0 0    49.67   00.47 
#onoff#off 10 61744.68 0 0 1087.00 828.67 902.33  00.82 01.25 02.49 
#onoff#off 10 61744.68 0 0 1297.33 42.00 57.00  03.09 00.00 00.00 
#onoff#off 10 61744.69 0 0 50.00  00.00 
#onoff#cal 10 61746.49 0 0 1086.33 828.00 901.33  02.49 01.41 03.09 
#onoff#cal 10 61746.49 0 0 1299.67 41.67 56.33  01.25 00.47 00.47 
#onoff#cal 10 61746.49 0 0 50.00  00.00 
#onoff#sefd              7.79 60.21 0.00  0.00   0.00  0.00  
#onoff#sefd              7.79 60.21 0.00  0.00   0.00  0.00  
#onoff#sefd              7.79 60.21 0.00  0.00   0.00  0.00  
#onoff#sefd              7.79 60.21 0.00   0.00  
#onoff#fluxsrc  gal      7.79 60.21 -0.10 0.00   0.30  0.00  
#onoff#fluxsrc  gal      7.79 60.21 0.00  0.00   0.00  0.00  
#onoff#fluxsrc  gal      7.79 60.21 -0.60 -0.60  0.49  0.49  
#onoff#fluxsrc  gal      7.79 60.21 -0.20  0.40  
