#onoff#source gal        015222.8 +620145.3 0000.0 2026.036.17:14:40
#onoff#site   uclo     -0.2500  51.6133  3.00 xxxx 0  0.00  0.00
#onoff#onoff  10 3 2u 3u 0 60 10 10 0.0704 0.0704 1 1
#onoff#origin 0.0000 0.0000 0.0000 0.0000 0.0000 0.0000
#onoff#on  1  62081.72 0 0  1096.33   870.00   929.00   02.05  06.53  02.45 
#onoff#on  1  62081.73 0 0  1305.00    45.67    62.67   06.53  00.47  01.25 
#onoff#on  1  62081.73 0 0    54.67   00.47 
#onoff#off 1  62083.96 0 0 1094.33 864.33 933.67  04.50 04.11 08.34 
#onoff#off 1  62083.96 0 0 1300.67 45.33 62.33  05.79 00.47 00.47 
#onoff#off 1  62083.96 0 0 54.67  00.94 
#onoff#cal 1  62085.94 0 0 1085.33 856.00 921.67  03.68 00.00 02.87 
#onoff#cal 1  62085.95 0 0 1303.00 45.00 62.00  01.63 00.00 00.82 
#onoff#cal 1  62085.95 0 0 54.00  00.82 
#onoff#on  2  62088.64 0 0  1092.33   866.00   926.67   03.30  09.09  06.65 
#onoff#on  2  62088.64 0 0  1295.00    44.67    62.33   04.32  00.47  00.47 
#onoff#on  2  62088.64 0 0    53.33   00.47 
#onoff#off 2  62090.96 0 0 1086.00 856.67 918.67  02.45 01.70 01.89 
#onoff#off 2  62090.96 0 0 1292.67 45.00 62.00  01.25 00.00 00.82 
#onoff#off 2  62090.97 0 0 53.33  00.47 
#onoff#cal 2  62093.16 0 0 1091.67 859.33 921.00  08.06 15.33 07.12 
#onoff#cal 2  62093.18 0 0 1303.33 44.67 62.33  04.11 00.47 00.47 
#onoff#cal 2  62093.18 0 0 53.33  00.47 
#onoff#on  3  62095.84 0 0  1086.33   856.67   921.00   05.31  03.30  01.63 
#onoff#on  3  62095.84 0 0  1300.67    44.67    62.00   04.99  00.47  00.00 
#onoff#on  3  62095.85 0 0    53.67   00.47 
#onoff#off 3  62098.2  0 0 1087.00 850.67 917.00  02.16 00.47 02.83 
#onoff#off 3  62098.2  0 0 1300.33 45.00 61.33  02.49 00.00 00.47 
#onoff#off 3  62098.2  0 0 54.00  00.82 
#onoff#cal 3  62100.37 0 0 1087.33 848.33 916.33  02.87 02.05 00.47 
#onoff#cal 3  62100.37 0 0 1302.00 45.00 61.67  03.74 00.00 00.47 
#onoff#cal 3  62100.38 0 0 54.00  00.00 
#onoff#on  4  62103.25 0 0  1088.67   850.33   917.33   02.62  01.70  02.05 
#onoff#on  4  62103.25 0 0  1306.00    45.00    62.00   03.56  00.00  00.00 
#onoff#on  4  62103.26 0 0    54.33   00.47 
#onoff#off 4  62105.66 0 0 1088.67 851.00 917.33  02.62 00.82 03.09 
#onoff#off 4  62105.66 0 0 1300.00 45.00 62.00  01.41 00.00 00.00 
#onoff#off 4  62105.66 0 0 53.67  00.47 
#onoff#cal 4  62108.12 0 0 1084.00 851.33 915.33  01.41 00.47 01.70 
#onoff#cal 4  62108.12 0 0 1300.67 45.00 61.67  03.09 00.00 00.47 
#onoff#cal 4  62108.12 0 0 53.67  00.47 
#onoff#on  5  62110.92 0 0  1089.00   851.00   915.00   02.94  03.27  02.83 
#onoff#on  5  62110.92 0 0  1297.33    45.33    61.67   02.05  00.47  00.47 
#onoff#on  5  62110.93 0 0    54.00   00.00 
#onoff#off 5  62113.35 0 0 1088.00 858.33 918.33  00.82 02.36 01.70 
#onoff#off 5  62113.35 0 0 1300.67 45.00 61.67  01.70 00.00 00.47 
#onoff#off 5  62113.36 0 0 53.00  00.00 
#onoff#cal 5  62115.66 0 0 1092.00 862.33 921.33  04.55 06.34 01.70 
#onoff#cal 5  62115.66 0 0 1296.33 45.00 62.00  02.49 00.00 00.00 
#onoff#cal 5  62115.66 0 0 53.67  00.47 
#onoff#on  6  62118.66 0 0  1089.33   858.33   921.67   02.62  01.70  02.49 
#onoff#on  6  62118.66 0 0  1299.00    44.33    61.33   02.45  00.47  00.47 
#onoff#on  6  62118.66 0 0    53.00   00.00 
#onoff#off 6  62120.95 0 0 1092.00 862.00 920.67  01.63 04.08 01.89 
#onoff#off 6  62120.95 0 0 1303.67 44.33 61.67  03.30 00.47 00.47 
#onoff#off 6  62120.95 0 0 53.67  00.47 
#onoff#cal 6  62123.36 0 0 1088.00 853.00 918.67  03.74 01.63 02.05 
#onoff#cal 6  62123.36 0 0 1297.67 44.00 60.67  01.25 00.00 00.47 
#onoff#cal 6  62123.36 0 0 53.00  00.00 
#onoff#on  7  62126.26 0 0  1087.33   850.00   917.67   03.09  00.82  03.86 
#onoff#on  7  62126.26 0 0  1301.33    44.67    61.00   01.89  00.47  00.00 
#onoff#on  7  62126.26 0 0    53.00   00.00 
#onoff#off 7  62128.64 0 0 1083.00 853.33 919.67  01.63 02.87 02.87 
#onoff#off 7  62128.65 0 0 1297.33 45.00 61.00  02.05 00.00 00.00 
#onoff#off 7  62128.65 0 0 53.00  00.00 
#onoff#cal 7  62130.82 0 0 1082.67 850.33 915.00  03.40 01.89 02.45 
#onoff#cal 7  62130.82 0 0 1298.33 44.33 60.33  03.40 00.47 00.47 
#onoff#cal 7  62130.82 0 0 53.00  00.00 
#onoff#on  8  62133.73 0 0  1081.67   844.00   911.33   02.05  00.82  01.89 
#onoff#on  8  62133.73 0 0  1296.00    44.00    60.00   04.90  00.00  00.00 
#onoff#on  8  62133.73 0 0    52.33   00.47 
#onoff#off 8  62136.15 0 0 1085.00 845.33 913.00  02.94 02.05 01.41 
#onoff#off 8  62136.15 0 0 1302.67 44.00 60.67  05.25 00.00 00.47 
#onoff#off 8  62136.15 0 0 53.00  00.00 
#onoff#cal 8  62138.35 0 0 1087.67 848.00 910.33  04.50 02.16 01.25 
#onoff#cal 8  62138.35 0 0 1303.33 44.00 61.00  00.47 00.00 00.00 
#onoff#cal 8  62138.36 0 0 53.00  00.00 
#onoff#on  9  62141.24 0 0  1084.67   846.67   914.00   02.49  01.70  00.82 
#onoff#on  9  62141.24 0 0  1298.33    44.00    61.00   02.05  00.00  00.00 
#onoff#on  9  62141.24 0 0    53.00   00.00 
#onoff#off 9  62143.63 0 0 1080.33 848.00 909.00  02.05 01.63 00.82 
#onoff#off 9  62143.63 0 0 1299.00 44.00 60.67  03.74 00.00 00.47 
#onoff#off 9  62143.64 0 0 53.00  00.00 
#onoff#cal 9  62145.82 0 0 1091.33 850.00 910.33  03.09 02.16 02.05 
#onoff#cal 9  62145.82 0 0 1299.33 44.33 61.00  03.77 00.47 00.00 
#onoff#cal 9  62145.83 0 0 53.00  00.00 
#onoff#on  10 62148.73 0 0  1086.67   855.33   918.00   02.05  02.49  03.74 
#onoff#on  10 62148.73 0 0  1303.00    47.67    65.00   03.27  03.86  04.32 
#onoff#on  10 62148.73 0 0    54.33   01.89 
#onoff#off 10 62151.09 0 0 1091.00 864.33 917.67  04.55 12.28 02.62 
#onoff#off 10 62151.09 0 0 1296.33 50.33 69.67  01.70 02.87 04.64 
#onoff#off 10 62151.09 0 0 59.67  03.77 
#onoff#cal 10 62153.37 0 0 1084.00 853.33 916.67  06.48 03.30 03.68 
#onoff#cal 10 62153.37 0 0 1295.33 44.00 61.00  01.25 00.00 00.00 
#onoff#cal 10 62153.38 0 0 53.33  00.47 
#onoff#sefd              343.85 79.00 0.00  0.00   0.00  0.00  
#onoff#sefd              343.85 79.00 0.00  0.00   0.00  0.00  
#onoff#sefd              343.85 79.00 0.00  0.00   0.00  0.00  
#onoff#sefd              343.85 79.00 0.00   0.00  
#onoff#fluxsrc  gal      343.85 79.00 0.00  0.00   0.00  0.00  
#onoff#fluxsrc  gal      343.85 79.00 0.00  0.00   0.00  0.00  
#onoff#fluxsrc  gal      343.85 79.00 -0.40 0.00   0.49  0.00  
#onoff#fluxsrc  gal      343.85 79.00 -0.60  0.49  
