#onoff#source gal        012732.1 +422233.3 0000.0 2026.036.16:56:22
#onoff#site   uclo     -0.2500  51.6133  3.00 xxxx 0  0.00  0.00
#onoff#onoff  10 3 2u 3u 0 60 10 10 0.0704 0.0704 1 1
#onoff#origin 0.0000 0.0000 0.0000 0.0000 0.0000 0.0000
#onoff#on  1  60984.21 0 0  1088.00   844.00   922.67   02.45  00.00  01.25 
#onoff#on  1  60984.21 0 0  1295.33    46.33    65.00   02.62  00.47  00.00 
#onoff#on  1  60984.22 0 0    55.00   00.00 
#onoff#off 1  60986.26 0 0 1088.00 847.00 921.00  02.94 01.41 01.63 
#onoff#off 1  60986.26 0 0 1296.00 47.00 65.00  00.82 00.00 00.00 
#onoff#off 1  60986.26 0 0 55.00  00.00 
#onoff#cal 1  60988.35 0 0 1089.67 844.00 923.33  02.36 00.82 01.25 
#onoff#cal 1  60988.35 0 0 1300.33 46.67 65.00  06.18 00.47 00.00 
#onoff#cal 1  60988.35 0 0 55.33  00.47 
#onoff#on  2  60991.36 0 0  1090.67   844.33   921.67   00.47  01.25  00.47 
#onoff#on  2  60991.36 0 0  1298.33    46.67    65.00   03.09  00.47  00.00 
#onoff#on  2  60991.36 0 0    55.00   00.00 
#onoff#off 2  60993.78 0 0 1089.67 842.00 918.67  03.09 01.41 01.25 
#onoff#off 2  60993.79 0 0 1300.00 46.67 65.00  02.94 00.47 00.00 
#onoff#off 2  60993.79 0 0 55.00  00.00 
#onoff#cal 2  60995.7  0 0 1088.67 843.33 919.33  03.09 01.70 02.05 
#onoff#cal 2  60995.71 0 0 1293.00 46.00 65.00  03.56 00.00 00.00 
#onoff#cal 2  60995.72 0 0 55.00  00.00 
#onoff#on  3  60998.37 0 0  1091.33   845.00   920.33   01.70  01.41  00.47 
#onoff#on  3  60998.37 0 0  1301.33    46.67    65.00   07.76  00.47  00.00 
#onoff#on  3  60998.37 0 0    55.00   00.00 
#onoff#off 3  61000.78 0 0 1091.00 846.00 923.33  01.63 02.45 00.47 
#onoff#off 3  61000.78 0 0 1300.67 46.67 65.33  01.25 00.47 00.47 
#onoff#off 3  61000.79 0 0 55.33  00.47 
#onoff#cal 3  61002.68 0 0 1090.67 849.00 930.33  02.62 01.41 02.49 
#onoff#cal 3  61002.68 0 0 1301.00 46.00 65.00  03.27 00.00 00.00 
#onoff#cal 3  61002.69 0 0 55.33  00.47 
#onoff#on  4  61005.35 0 0  1094.33   850.00   930.00   01.25  02.16  02.45 
#onoff#on  4  61005.36 0 0  1299.33    46.67    65.67   03.86  00.47  00.47 
#onoff#on  4  61005.36 0 0    55.67   00.47 
#onoff#off 4  61007.78 0 0 1088.00 845.00 921.67  02.94 00.82 00.94 
#onoff#off 4  61007.78 0 0 1302.67 46.33 65.33  02.62 00.47 00.47 
#onoff#off 4  61007.78 0 0 55.33  00.47 
#onoff#cal 4  61009.66 0 0 1093.00 846.00 929.67  01.63 00.82 00.47 
#onoff#cal 4  61009.66 0 0 1299.67 47.00 65.00  02.87 00.00 00.00 
#onoff#cal 4  61009.67 0 0 55.00  00.00 
#onoff#on  5  61012.35 0 0  1092.67   849.33   928.67   00.47  01.70  02.87 
#onoff#on  5  61012.36 0 0  1301.67    46.33    65.33   06.34  00.47  00.47 
#onoff#on  5  61012.36 0 0    55.33   00.47 
#onoff#off 5  61014.77 0 0 1095.33 848.00 925.33  01.25 00.82 01.25 
#onoff#off 5  61014.77 0 0 1297.33 47.00 66.00  10.37 00.00 00.00 
#onoff#off 5  61014.78 0 0 55.67  00.47 
#onoff#cal 5  61016.65 0 0 1095.67 849.33 927.67  03.40 00.94 02.05 
#onoff#cal 5  61016.66 0 0 1304.67 46.33 65.67  04.50 00.47 00.47 
#onoff#cal 5  61016.66 0 0 55.67  00.47 
#onoff#on  6  61019.38 0 0  1094.00   846.33   924.00   03.27  01.25  00.82 
#onoff#on  6  61019.38 0 0  1297.00    46.00    65.00   01.41  00.00  00.00 
#onoff#on  6  61019.38 0 0    55.33   00.47 
#onoff#off 6  61021.8  0 0 1095.00 846.00 922.33  00.82 02.94 00.94 
#onoff#off 6  61021.8  0 0 1296.67 46.67 65.00  02.62 00.47 00.00 
#onoff#off 6  61021.81 0 0 55.33  00.47 
#onoff#cal 6  61023.69 0 0 1091.33 845.67 920.33  02.62 01.25 02.05 
#onoff#cal 6  61023.69 0 0 1295.67 47.00 65.00  05.44 00.00 00.00 
#onoff#cal 6  61023.69 0 0 55.00  00.00 
#onoff#on  7  61026.35 0 0  1093.00   850.00   922.67   03.74  00.82  01.25 
#onoff#on  7  61026.35 0 0  1294.67    47.00    65.67   03.40  00.00  00.47 
#onoff#on  7  61026.35 0 0    55.33   00.47 
#onoff#off 7  61028.76 0 0 1094.67 847.33 925.33  00.94 00.94 00.47 
#onoff#off 7  61028.77 0 0 1297.00 46.67 66.00  04.32 00.47 00.00 
#onoff#off 7  61028.77 0 0 55.67  00.47 
#onoff#cal 7  61030.66 0 0 1096.67 853.33 929.00  02.49 01.70 01.41 
#onoff#cal 7  61030.66 0 0 1301.67 47.33 66.67  02.87 00.47 00.47 
#onoff#cal 7  61030.66 0 0 56.00  00.00 
#onoff#on  8  61033.36 0 0  1101.00   858.33   928.67   05.10  04.50  00.47 
#onoff#on  8  61033.37 0 0  1298.00    48.67    68.00   02.16  00.47  00.82 
#onoff#on  8  61033.37 0 0    57.33   00.47 
#onoff#off 8  61035.79 0 0 1098.67 861.67 931.33  04.03 01.70 01.70 
#onoff#off 8  61035.79 0 0 1305.33 48.67 68.00  02.49 00.47 00.82 
#onoff#off 8  61035.79 0 0 57.33  00.47 
#onoff#cal 8  61037.69 0 0 1120.00 874.67 946.33  04.97 06.60 04.50 
#onoff#cal 8  61037.69 0 0 1299.67 49.67 70.00  03.30 01.25 01.63 
#onoff#cal 8  61037.7  0 0 58.67  01.25 
#onoff#on  9  61040.36 0 0  1102.33   858.00   930.67   06.34  03.27  01.70 
#onoff#on  9  61040.36 0 0  1300.00    48.00    67.33   00.82  00.82  00.47 
#onoff#on  9  61040.36 0 0    57.00   00.00 
#onoff#off 9  61042.78 0 0 1097.00 854.00 930.33  05.89 00.82 05.25 
#onoff#off 9  61042.78 0 0 1301.33 47.00 67.33  05.44 00.00 00.47 
#onoff#off 9  61042.78 0 0 56.33  00.47 
#onoff#cal 9  61044.68 0 0 1102.33 854.00 930.33  01.70 02.16 01.25 
#onoff#cal 9  61044.68 0 0 1298.33 47.67 67.00  01.25 00.47 00.00 
#onoff#cal 9  61044.68 0 0 57.00  00.00 
#onoff#on  10 61047.38 0 0  1098.33   851.33   927.33   02.49  01.89  02.05 
#onoff#on  10 61047.38 0 0  1297.67    47.00    66.33   01.70  00.00  00.47 
#onoff#on  10 61047.39 0 0    56.00   00.00 
#onoff#off 10 61049.77 0 0 1097.67 849.00 923.33  02.49 02.16 00.94 
#onoff#off 10 61049.78 0 0 1300.00 47.00 66.00  02.16 00.00 00.00 
#onoff#off 10 61049.78 0 0 56.00  00.00 
#onoff#cal 10 61051.67 0 0 1097.67 848.67 925.00  00.47 01.70 00.82 
#onoff#cal 10 61051.67 0 0 1298.00 47.00 66.33  01.63 00.00 00.47 
#onoff#cal 10 61051.67 0 0 55.67  00.47 
#onoff#sefd              213.93 79.25 0.00  0.00   0.00  0.00  
#onoff#sefd              213.93 79.25 0.00  0.00   0.00  0.00  
#onoff#sefd              213.93 79.25 0.00  0.00   0.00  0.00  
#onoff#sefd              213.93 79.25 0.00   0.00  
#onoff#fluxsrc  gal      213.93 79.25 -0.10 -0.10  0.30  0.30  
#onoff#fluxsrc  gal      213.93 79.25 -0.10 0.00   0.30  0.00  
#onoff#fluxsrc  gal      213.93 79.25 -0.10 -0.30  0.30  0.46  
#onoff#fluxsrc  gal      213.93 79.25 -0.30  0.46  
