#onoff#source gal        012733.0 +422251.5 0000.0 2026.036.17:01:59
#onoff#site   uclo     -0.2500  51.6133  3.00 xxxx 0  0.00  0.00
#onoff#onoff  10 3 2u 3u 0 60 10 10 0.0704 0.0704 1 1
#onoff#origin 0.0000 0.0000 0.0000 0.0000 0.0000 0.0000
#onoff#on  1  61321.09 0 0  1095.00   858.67   937.33   01.63  01.25  02.62 
#onoff#on  1  61321.09 0 0  1304.00    47.00    64.67   04.32  00.82  00.47 
#onoff#on  1  61321.09 0 0    55.00   00.00 
#onoff#off 1  61323.19 0 0 1102.00 860.33 938.00  05.35 00.94 01.41 
#onoff#off 1  61323.2  0 0 1301.67 47.00 64.67  03.30 00.00 00.47 
#onoff#off 1  61323.2  0 0 55.00  00.00 
#onoff#cal 1  61325.36 0 0 1095.33 866.00 940.00  02.49 02.16 02.16 
#onoff#cal 1  61325.36 0 0 1307.00 47.00 65.33  04.32 00.00 00.47 
#onoff#cal 1  61325.36 0 0 55.67  00.47 
#onoff#on  2  61328.37 0 0  1099.33   871.33   940.67   01.89  03.30  01.25 
#onoff#on  2  61328.37 0 0  1302.33    48.00    67.00   04.99  00.00  00.00 
#onoff#on  2  61328.37 0 0    56.00   00.00 
#onoff#off 2  61330.79 0 0 1101.33 866.67 939.67  02.05 01.70 01.70 
#onoff#off 2  61330.8  0 0 1301.33 47.33 66.00  02.62 00.47 00.00 
#onoff#off 2  61330.8  0 0 55.67  00.47 
#onoff#cal 2  61332.83 0 0 1099.33 867.67 941.00  01.25 03.77 00.82 
#onoff#cal 2  61332.83 0 0 1305.00 47.33 66.00  01.63 00.47 00.00 
#onoff#cal 2  61332.83 0 0 56.00  00.00 
#onoff#on  3  61335.65 0 0  1105.33   883.33   956.67   04.19  01.70  03.68 
#onoff#on  3  61335.66 0 0  1308.67    49.00    68.67   02.05  00.00  00.47 
#onoff#on  3  61335.66 0 0    57.67   00.47 
#onoff#off 3  61337.97 0 0 1105.67 872.67 944.67  01.89 02.62 00.94 
#onoff#off 3  61337.97 0 0 1304.00 49.00 69.00  04.55 00.00 00.82 
#onoff#off 3  61337.97 0 0 57.00  00.00 
#onoff#cal 3  61340.27 0 0 1102.00 872.67 945.67  04.24 03.86 01.89 
#onoff#cal 3  61340.27 0 0 1307.33 49.00 70.00  02.05 00.00 00.82 
#onoff#cal 3  61340.27 0 0 57.33  00.47 
#onoff#on  4  61343.11 0 0  1110.00   879.33   947.00   00.82  03.30  04.32 
#onoff#on  4  61343.12 0 0  1308.67    49.00    69.67   04.99  00.00  00.47 
#onoff#on  4  61343.12 0 0    57.33   00.47 
#onoff#off 4  61345.65 0 0 1107.00 869.00 939.00  02.16 02.94 01.41 
#onoff#off 4  61345.66 0 0 1301.33 48.00 68.00  05.44 00.00 00.00 
#onoff#off 4  61345.66 0 0 56.00  00.00 
#onoff#cal 4  61347.88 0 0 1099.33 868.00 940.67  04.03 00.82 02.05 
#onoff#cal 4  61347.89 0 0 1303.67 48.00 68.00  03.30 00.00 00.00 
#onoff#cal 4  61347.89 0 0 56.00  00.00 
#onoff#on  5  61350.83 0 0  1103.67   865.67   943.00   04.78  00.47  01.63 
#onoff#on  5  61350.83 0 0  1301.33    48.00    67.00   02.49  00.00  00.00 
#onoff#on  5  61350.83 0 0    56.00   00.00 
#onoff#off 5  61353.37 0 0 1101.33 861.67 938.67  03.86 01.70 01.25 
#onoff#off 5  61353.37 0 0 1307.33 47.00 66.00  06.65 00.00 00.00 
#onoff#off 5  61353.37 0 0 55.33  00.47 
#onoff#cal 5  61355.68 0 0 1101.00 864.67 941.67  06.16 04.64 03.30 
#onoff#cal 5  61355.68 0 0 1301.67 47.33 66.00  02.05 00.47 00.82 
#onoff#cal 5  61355.68 0 0 56.00  00.82 
#onoff#on  6  61358.72 0 0  1101.00   863.00   941.33   04.97  02.16  03.68 
#onoff#on  6  61358.72 0 0  1303.33    47.33    65.00   03.30  00.47  01.41 
#onoff#on  6  61358.73 0 0    55.33   00.47 
#onoff#off 6  61361.19 0 0 1099.00 865.67 942.00  02.16 05.25 02.16 
#onoff#off 6  61361.19 0 0 1304.67 47.33 65.00  03.09 01.89 01.41 
#onoff#off 6  61361.19 0 0 55.00  00.00 
#onoff#cal 6  61363.64 0 0 1098.67 860.67 941.67  01.25 00.47 03.30 
#onoff#cal 6  61363.65 0 0 1300.33 47.00 64.33  01.70 00.00 00.47 
#onoff#cal 6  61363.65 0 0 55.00  00.00 
#onoff#on  7  61366.64 0 0  1096.00   859.00   935.67   03.27  01.63  00.47 
#onoff#on  7  61366.65 0 0  1303.33    47.00    64.00   01.70  00.00  00.00 
#onoff#on  7  61366.65 0 0    54.67   00.47 
#onoff#off 7  61368.96 0 0 1094.67 863.33 941.00  03.40 02.62 00.82 
#onoff#off 7  61368.96 0 0 1308.00 47.33 64.00  00.82 00.47 00.00 
#onoff#off 7  61368.96 0 0 55.00  00.00 
#onoff#cal 7  61371.36 0 0 1099.33 863.00 944.00  01.89 02.45 02.94 
#onoff#cal 7  61371.36 0 0 1310.33 47.00 64.00  03.40 00.00 00.00 
#onoff#cal 7  61371.36 0 0 55.00  00.00 
#onoff#on  8  61374.25 0 0  1095.00   865.00   942.33   02.94  01.41  03.30 
#onoff#on  8  61374.25 0 0  1302.33    47.00    64.33   03.30  00.00  00.47 
#onoff#on  8  61374.25 0 0    55.00   00.00 
#onoff#off 8  61376.66 0 0 1100.00 863.67 942.67  04.97 01.70 02.05 
#onoff#off 8  61376.66 0 0 1305.33 47.00 64.00  04.11 00.00 00.00 
#onoff#off 8  61376.66 0 0 55.67  00.47 
#onoff#cal 8  61378.81 0 0 1104.00 866.00 945.00  01.41 01.63 01.41 
#onoff#cal 8  61378.81 0 0 1301.33 47.00 65.00  01.70 00.00 00.00 
#onoff#cal 8  61378.81 0 0 55.67  00.47 
#onoff#on  9  61381.74 0 0  1102.33   864.33   940.33   00.94  00.47  01.25 
#onoff#on  9  61381.75 0 0  1299.33    47.00    64.33   04.03  00.00  00.47 
#onoff#on  9  61381.75 0 0    55.00   00.00 
#onoff#off 9  61384.12 0 0 1101.67 865.67 943.67  02.05 01.25 02.36 
#onoff#off 9  61384.13 0 0 1304.00 47.00 64.33  03.27 00.00 00.47 
#onoff#off 9  61384.13 0 0 55.33  00.47 
#onoff#cal 9  61386.42 0 0 1106.67 871.00 947.33  02.87 03.27 02.49 
#onoff#cal 9  61386.42 0 0 1304.33 47.33 65.33  01.70 00.47 00.47 
#onoff#cal 9  61386.42 0 0 56.33  00.47 
#onoff#on  10 61390.63 0 0  1097.67   858.67   939.00   03.09  01.25  00.82 
#onoff#on  10 61390.63 0 0  1302.00    47.33    65.33   02.83  00.47  00.47 
#onoff#on  10 61390.64 0 0    56.00   00.00 
#onoff#off 10 61392.95 0 0 1098.00 863.33 941.67  02.83 00.94 00.47 
#onoff#off 10 61392.95 0 0 1304.33 47.00 64.33  01.70 00.00 00.47 
#onoff#off 10 61392.95 0 0 55.67  00.47 
#onoff#cal 10 61395.54 0 0 1093.33 859.67 939.33  04.50 01.89 01.25 
#onoff#cal 10 61395.54 0 0 1297.67 47.00 64.33  04.03 00.00 00.47 
#onoff#cal 10 61395.55 0 0 55.00  00.00 
#onoff#sefd              218.73 78.72 0.00  0.00   0.00  0.00  
#onoff#sefd              218.73 78.72 0.00  0.00   0.00  0.00  
#onoff#sefd              218.73 78.72 0.00  0.00   0.00  0.00  
#onoff#sefd              218.73 78.72 0.00   0.00  
#onoff#fluxsrc  gal      218.73 78.72 0.00  -0.10  0.00  0.30  
#onoff#fluxsrc  gal      218.73 78.72 0.00  0.00   0.00  0.00  
#onoff#fluxsrc  gal      218.73 78.72 -0.60 -0.50  0.49  0.50  
#onoff#fluxsrc  gal      218.73 78.72 -0.40  0.49  
