#onoff#source gal        015220.9 +620148.9 0000.0 2026.036.16:46:07
#onoff#site   uclo     -0.2500  51.6133  3.00 xxxx 0  0.00  0.00
#onoff#onoff  10 3 2u 3u 0 60 10 10 0.0704 0.0704 1 1
#onoff#origin 0.0000 0.0000 0.0000 0.0000 0.0000 0.0000
#onoff#on  1  60368.8  0 0  1104.67   865.67   919.00   02.49  01.70  02.16 
#onoff#on  1  60368.81 0 0  1298.67    43.00    59.33   04.50  00.00  00.47 
#onoff#on  1  60368.81 0 0    53.33   00.47 
#onoff#off 1  60370.95 0 0 1107.00 870.00 925.00  02.94 01.63 06.48 
#onoff#off 1  60370.95 0 0 1303.00 43.67 60.00  03.74 00.47 00.82 
#onoff#off 1  60370.95 0 0 54.00  00.82 
#onoff#cal 1  60372.83 0 0 1114.33 875.00 928.67  02.05 02.94 00.47 
#onoff#cal 1  60372.83 0 0 1303.00 43.33 60.33  06.68 00.47 00.47 
#onoff#cal 1  60372.83 0 0 53.67  00.47 
#onoff#on  2  60375.36 0 0  1111.67   869.67   928.00   01.70  01.70  03.27 
#onoff#on  2  60375.36 0 0  1302.33    43.00    59.33   04.64  00.00  00.47 
#onoff#on  2  60375.36 0 0    53.67   00.47 
#onoff#off 2  60377.79 0 0 1105.67 874.33 929.00  02.05 06.55 02.83 
#onoff#off 2  60377.79 0 0 1300.33 43.00 60.67  02.49 00.00 00.47 
#onoff#off 2  60377.79 0 0 54.33  00.47 
#onoff#cal 2  60379.81 0 0 1105.67 867.33 921.33  04.11 03.30 01.25 
#onoff#cal 2  60379.82 0 0 1306.00 43.00 60.00  06.98 00.00 00.82 
#onoff#cal 2  60379.82 0 0 53.33  00.47 
#onoff#on  3  60382.67 0 0  1103.33   862.00   918.00   03.30  00.00  00.82 
#onoff#on  3  60382.68 0 0  1303.33    43.00    59.00   03.77  00.00  00.00 
#onoff#on  3  60382.68 0 0    53.00   00.00 
#onoff#off 3  60384.93 0 0 1107.00 864.33 917.33  05.35 02.87 01.25 
#onoff#off 3  60384.93 0 0 1299.67 44.33 59.00  02.36 01.25 00.00 
#onoff#off 3  60384.93 0 0 53.00  00.00 
#onoff#cal 3  60387.11 0 0 1115.33 860.33 915.00  03.30 00.47 02.45 
#onoff#cal 3  60387.11 0 0 1305.67 45.33 58.67  02.36 00.47 00.47 
#onoff#cal 3  60387.11 0 0 52.33  00.47 
#onoff#on  4  60389.8  0 0  1119.67   864.00   917.00   04.71  02.16  01.63 
#onoff#on  4  60389.8  0 0  1300.00    45.67    59.33   05.72  00.47  00.47 
#onoff#on  4  60389.8  0 0    53.00   00.00 
#onoff#off 4  60391.96 0 0 1123.33 861.00 915.00  05.73 01.63 01.63 
#onoff#off 4  60391.96 0 0 1304.33 49.33 59.00  07.04 01.25 00.00 
#onoff#off 4  60391.96 0 0 53.00  00.00 
#onoff#cal 4  60394.21 0 0 1110.67 858.33 913.33  02.87 00.47 01.25 
#onoff#cal 4  60394.21 0 0 1302.33 44.33 58.67  04.19 01.25 00.47 
#onoff#cal 4  60394.22 0 0 52.67  00.47 
#onoff#on  5  60396.94 0 0  1108.00   863.33   917.33   02.94  03.30  02.62 
#onoff#on  5  60396.94 0 0  1301.00    44.33    59.00   02.83  00.47  00.00 
#onoff#on  5  60396.94 0 0    53.00   00.00 
#onoff#off 5  60399.21 0 0 1120.67 866.33 917.67  03.30 00.94 01.89 
#onoff#off 5  60399.21 0 0 1299.00 44.33 59.00  05.10 00.47 00.00 
#onoff#off 5  60399.21 0 0 53.00  00.00 
#onoff#cal 5  60401.39 0 0 1118.00 864.67 919.67  00.82 02.05 02.36 
#onoff#cal 5  60401.39 0 0 1306.00 44.33 59.00  02.83 00.47 00.00 
#onoff#cal 5  60401.39 0 0 53.00  00.00 
#onoff#on  6  60404.35 0 0  1115.67   865.00   918.67   05.31  02.45  01.25 
#onoff#on  6  60404.36 0 0  1304.67    43.67    59.00   08.65  00.47  00.00 
#onoff#on  6  60404.36 0 0    52.67   00.47 
#onoff#off 6  60406.76 0 0 1111.33 869.00 920.00  06.55 02.94 01.41 
#onoff#off 6  60406.76 0 0 1302.67 45.67 59.33  04.78 00.47 00.47 
#onoff#off 6  60406.76 0 0 53.00  00.00 
#onoff#cal 6  60408.8  0 0 1128.33 876.33 923.00  14.97 04.50 01.41 
#onoff#cal 6  60408.8  0 0 1302.33 46.33 61.00  04.50 00.47 00.82 
#onoff#cal 6  60408.81 0 0 54.67  00.47 
#onoff#on  7  60411.62 0 0  1123.00   874.00   924.00   02.45  02.83  02.94 
#onoff#on  7  60411.63 0 0  1298.00    48.33    62.00   02.94  01.25  00.82 
#onoff#on  7  60411.63 0 0    55.00   00.00 
#onoff#off 7  60413.96 0 0 1119.00 871.00 925.00  04.97 01.41 00.82 
#onoff#off 7  60413.96 0 0 1302.00 44.67 61.33  00.82 00.47 00.47 
#onoff#off 7  60413.96 0 0 55.67  00.47 
#onoff#cal 7  60416.2  0 0 1112.33 873.67 924.67  01.70 02.05 00.94 
#onoff#cal 7  60416.21 0 0 1305.33 44.33 60.67  04.99 00.47 00.47 
#onoff#cal 7  60416.21 0 0 54.33  00.47 
#onoff#on  8  60419.08 0 0  1111.33   876.00   925.33   03.30  04.97  02.05 
#onoff#on  8  60419.08 0 0  1297.67    44.00    60.00   03.77  00.00  00.00 
#onoff#on  8  60419.08 0 0    53.33   00.47 
#onoff#off 8  60421.4  0 0 1112.33 873.33 922.00  01.70 05.19 00.82 
#onoff#off 8  60421.4  0 0 1301.33 44.67 60.00  06.13 00.47 00.00 
#onoff#off 8  60421.41 0 0 54.00  00.00 
#onoff#cal 8  60423.36 0 0 1114.00 884.33 926.67  02.94 02.05 04.99 
#onoff#cal 8  60423.36 0 0 1306.00 44.67 61.00  03.27 00.47 00.00 
#onoff#cal 8  60423.37 0 0 53.67  00.47 
#onoff#on  9  60426.36 0 0  1115.00   877.33   932.00   02.94  03.30  00.00 
#onoff#on  9  60426.36 0 0  1307.33    44.33    59.67   06.65  00.47  00.47 
#onoff#on  9  60426.36 0 0    53.00   00.00 
#onoff#off 9  60428.79 0 0 1114.67 864.67 925.00  00.47 02.49 00.00 
#onoff#off 9  60428.79 0 0 1301.00 43.67 60.00  02.83 00.47 00.00 
#onoff#off 9  60428.79 0 0 54.00  00.00 
#onoff#cal 9  60430.68 0 0 1111.00 869.00 924.67  02.16 01.63 03.09 
#onoff#cal 9  60430.69 0 0 1305.33 44.67 60.33  02.36 00.47 00.47 
#onoff#cal 9  60430.69 0 0 54.33  00.47 
#onoff#on  10 60433.37 0 0  1109.67   869.00   923.33   04.19  02.94  01.70 
#onoff#on  10 60433.37 0 0  1304.00    44.33    60.67   02.16  00.47  00.47 
#onoff#on  10 60433.37 0 0    54.33   00.47 
#onoff#off 10 60435.78 0 0 1109.00 873.33 926.33  02.16 02.62 02.49 
#onoff#off 10 60435.78 0 0 1307.67 44.00 61.33  01.25 00.00 00.47 
#onoff#off 10 60435.78 0 0 54.67  00.47 
#onoff#cal 10 60437.71 0 0 1109.33 877.00 927.00  05.25 02.16 00.00 
#onoff#cal 10 60437.72 0 0 1300.33 43.67 60.00  05.31 00.47 00.00 
#onoff#cal 10 60437.72 0 0 54.00  00.00 
#onoff#sefd              1.74 79.57 0.00  0.00   0.00  0.00  
#onoff#sefd              1.74 79.57 0.00  0.00   0.00  0.00  
#onoff#sefd              1.74 79.57 0.00  0.00   0.00  0.00  
#onoff#sefd              1.74 79.57 0.00   0.00  
#onoff#fluxsrc  gal      1.74 79.57 -0.10 0.00   0.30  0.00  
#onoff#fluxsrc  gal      1.74 79.57 0.00  -0.10  0.00  0.30  
#onoff#fluxsrc  gal      1.74 79.57 -0.30 -0.10  0.46  0.30  
#onoff#fluxsrc  gal      1.74 79.57 -0.10  0.30  
