#onoff#source gal        030719.8 +581745.5 0000.0 2026.036.17:24:27
#onoff#site   uclo     -0.2500  51.6133  3.00 xxxx 0  0.00  0.00
#onoff#onoff  10 3 2u 3u 0 60 10 10 0.0704 0.0704 1 1
#onoff#origin 0.0000 0.0000 0.0000 0.0000 0.0000 0.0000
#onoff#on  1  62668.81 0 0  1090.00   872.67   919.67   03.56  08.34  01.25 
#onoff#on  1  62668.81 0 0  1297.67    44.33    65.33   00.47  00.47  01.25 
#onoff#on  1  62668.81 0 0    56.00   00.00 
#onoff#off 1  62670.95 0 0 1088.33 874.67 921.00  01.89 05.44 02.16 
#onoff#off 1  62670.95 0 0 1297.33 44.33 68.33  02.05 00.47 03.40 
#onoff#off 1  62670.95 0 0 56.00  00.00 
#onoff#cal 1  62673.1  0 0 1089.00 876.67 921.67  00.82 07.59 02.87 
#onoff#cal 1  62673.1  0 0 1295.67 45.00 67.67  00.94 00.00 00.47 
#onoff#cal 1  62673.1  0 0 56.33  00.47 
#onoff#on  2  62675.8  0 0  1096.67   882.67   923.67   03.09  04.71  02.87 
#onoff#on  2  62675.81 0 0  1303.33    44.33    68.33   00.94  00.47  00.94 
#onoff#on  2  62675.81 0 0    56.00   00.00 
#onoff#off 2  62677.96 0 0 1091.67 868.33 920.33  04.50 08.50 02.05 
#onoff#off 2  62677.96 0 0 1302.33 45.00 67.33  04.50 00.00 05.44 
#onoff#off 2  62677.96 0 0 56.00  00.00 
#onoff#cal 2  62680.21 0 0 1087.67 888.00 924.67  00.47 17.20 01.25 
#onoff#cal 2  62680.23 0 0 1304.33 45.00 75.33  05.31 00.82 16.05 
#onoff#cal 2  62680.23 0 0 56.33  00.47 
#onoff#on  3  62682.97 0 0  1094.33   908.67   921.00   01.25  21.76  00.82 
#onoff#on  3  62682.97 0 0  1297.67    44.67    78.00   03.30  00.47  15.12 
#onoff#on  3  62682.97 0 0    55.67   00.47 
#onoff#off 3  62685.35 0 0 1087.33 875.33 921.00  02.05 23.80 02.94 
#onoff#off 3  62685.36 0 0 1298.33 44.33 63.00  00.47 00.47 02.16 
#onoff#off 3  62685.36 0 0 55.67  00.47 
#onoff#cal 3  62687.65 0 0 1091.33 895.00 919.33  03.86 06.98 02.05 
#onoff#cal 3  62687.66 0 0 1297.33 44.67 69.67  02.87 00.47 02.62 
#onoff#cal 3  62687.66 0 0 56.00  00.00 
#onoff#on  4  62690.63 0 0  1090.00   878.33   925.00   01.41  06.94  01.41 
#onoff#on  4  62690.63 0 0  1307.67    45.00    65.00   02.05  00.00  00.82 
#onoff#on  4  62690.64 0 0    56.67   00.94 
#onoff#off 4  62692.99 0 0 1095.00 886.33 928.00  02.83 06.13 04.97 
#onoff#off 4  62692.99 0 0 1304.67 45.67 67.67  02.87 00.47 00.47 
#onoff#off 4  62692.99 0 0 58.33  00.47 
#onoff#cal 4  62695.25 0 0 1094.00 879.67 924.67  02.83 04.78 01.89 
#onoff#cal 4  62695.25 0 0 1303.67 45.00 67.67  05.44 00.00 00.47 
#onoff#cal 4  62695.25 0 0 56.00  00.00 
#onoff#on  5  62698.19 0 0  1094.33   861.00   926.00   03.86  02.16  02.45 
#onoff#on  5  62698.2  0 0  1299.33    45.33    69.33   03.30  00.47  00.94 
#onoff#on  5  62698.2  0 0    56.67   00.47 
#onoff#off 5  62700.47 0 0 1086.67 856.00 918.67  01.25 02.16 02.87 
#onoff#off 5  62700.47 0 0 1300.33 44.67 68.00  02.05 00.47 00.82 
#onoff#off 5  62700.47 0 0 56.33  00.47 
#onoff#cal 5  62702.8  0 0 1090.00 857.00 920.00  01.63 02.94 00.82 
#onoff#cal 5  62702.8  0 0 1298.00 45.67 70.67  06.68 00.47 00.47 
#onoff#cal 5  62702.8  0 0 56.33  00.47 
#onoff#on  6  62705.8  0 0  1089.67   858.33   921.00   03.86  02.49  02.16 
#onoff#on  6  62705.8  0 0  1304.67    45.67    71.00   02.62  00.47  00.82 
#onoff#on  6  62705.8  0 0    56.00   00.00 
#onoff#off 6  62708.17 0 0 1091.33 859.00 920.33  04.64 01.41 01.70 
#onoff#off 6  62708.17 0 0 1305.67 45.67 71.33  05.91 00.47 00.47 
#onoff#off 6  62708.18 0 0 56.00  00.00 
#onoff#cal 6  62710.64 0 0 1091.67 856.33 916.33  02.36 00.94 01.70 
#onoff#cal 6  62710.64 0 0 1303.00 45.00 70.33  01.41 00.00 00.47 
#onoff#cal 6  62710.64 0 0 55.33  00.47 
#onoff#on  7  62713.65 0 0  1095.00   860.67   920.67   02.83  03.68  00.47 
#onoff#on  7  62713.65 0 0  1294.00    45.33    70.67   04.32  00.47  00.47 
#onoff#on  7  62713.66 0 0    56.00   00.00 
#onoff#off 7  62715.93 0 0 1096.00 864.33 922.00  00.82 02.05 00.82 
#onoff#off 7  62715.94 0 0 1298.00 46.00 70.00  05.35 00.00 01.41 
#onoff#off 7  62715.94 0 0 56.00  00.00 
#onoff#cal 7  62718.35 0 0 1094.67 869.33 921.33  03.30 01.70 00.47 
#onoff#cal 7  62718.35 0 0 1301.67 46.00 71.33  00.47 00.00 00.94 
#onoff#cal 7  62718.35 0 0 56.00  00.00 
#onoff#on  8  62721.25 0 0  1088.67   868.33   925.33   02.62  04.50  02.36 
#onoff#on  8  62721.25 0 0  1298.00    45.33    65.67   04.32  00.47  01.25 
#onoff#on  8  62721.25 0 0    55.00   00.00 
#onoff#off 8  62723.64 0 0 1085.67 874.67 920.33  00.47 03.09 03.40 
#onoff#off 8  62723.64 0 0 1307.67 45.33 69.00  01.70 00.47 00.82 
#onoff#off 8  62723.65 0 0 55.33  00.47 
#onoff#cal 8  62725.81 0 0 1088.67 879.67 926.67  01.25 03.09 04.50 
#onoff#cal 8  62725.81 0 0 1300.33 45.00 68.67  04.71 00.00 00.47 
#onoff#cal 8  62725.81 0 0 56.00  00.00 
#onoff#on  9  62728.81 0 0  1082.67   881.00   923.67   03.30  12.36  00.94 
#onoff#on  9  62728.82 0 0  1301.00    45.33    68.00   02.16  00.47  00.82 
#onoff#on  9  62728.82 0 0    55.33   00.47 
#onoff#off 9  62731.22 0 0 1088.00 874.00 920.00  02.45 12.83 01.63 
#onoff#off 9  62731.22 0 0 1303.67 44.00 62.00  02.49 00.00 00.82 
#onoff#off 9  62731.23 0 0 55.67  00.47 
#onoff#cal 9  62733.64 0 0 1090.33 865.33 921.67  04.99 06.34 00.94 
#onoff#cal 9  62733.64 0 0 1297.33 44.33 62.33  03.09 00.47 00.47 
#onoff#cal 9  62733.65 0 0 56.00  00.00 
#onoff#on  10 62736.63 0 0  1093.33   864.33   928.67   04.78  03.30  02.62 
#onoff#on  10 62736.63 0 0  1299.00    45.00    62.67   04.24  00.82  01.25 
#onoff#on  10 62736.63 0 0    57.00   00.82 
#onoff#off 10 62738.94 0 0 1089.33 858.33 922.33  00.94 03.68 02.49 
#onoff#off 10 62738.94 0 0 1304.00 43.67 61.00  03.56 00.47 00.00 
#onoff#off 10 62738.94 0 0 55.00  00.00 
#onoff#cal 10 62741.35 0 0 1082.67 859.33 924.00  00.47 01.25 01.63 
#onoff#cal 10 62741.36 0 0 1306.00 44.00 62.67  03.74 00.00 00.47 
#onoff#cal 10 62741.36 0 0 56.33  00.47 
#onoff#sefd              36.14 81.28 0.00  0.00   0.00  0.00  
#onoff#sefd              36.14 81.28 0.00  0.00   0.00  0.00  
#onoff#sefd              36.14 81.28 0.00  0.00   0.00  0.00  
#onoff#sefd              36.14 81.28 0.00   0.00  
#onoff#fluxsrc  gal      36.14 81.28 0.00  0.00   0.00  0.00  
#onoff#fluxsrc  gal      36.14 81.28 0.00  0.00   0.00  0.00  
#onoff#fluxsrc  gal      36.14 81.28 -0.20 -0.10  0.40  0.30  
#onoff#fluxsrc  gal      36.14 81.28 -0.20  0.40  
