#onoff#source gal        015222.3 +620232.7 0000.0 2026.036.16:39:16
#onoff#site   uclo     -0.2500  51.6133  3.00 xxxx 0  0.00  0.00
#onoff#onoff  10 3 2u 3u 0 60 10 10 0.0704 0.0704 1 1
#onoff#origin 0.0000 0.0000 0.0000 0.0000 0.0000 0.0000
#onoff#on  1  59957.65 0 0  1101.33   858.00   915.33   03.86  02.16  02.36 
#onoff#on  1  59957.66 0 0  1302.67    43.00    59.00   03.30  00.00  00.00 
#onoff#on  1  59957.66 0 0    52.67   00.47 
#onoff#off 1  59959.94 0 0 1101.33 862.00 920.00  02.62 00.82 02.94 
#onoff#off 1  59959.94 0 0 1301.33 43.00 59.00  05.44 00.00 00.00 
#onoff#off 1  59959.95 0 0 53.00  00.00 
#onoff#cal 1  59961.81 0 0 1104.67 860.00 918.33  01.25 00.82 01.89 
#onoff#cal 1  59961.82 0 0 1307.00 43.00 59.00  01.63 00.00 00.00 
#onoff#cal 1  59961.82 0 0 53.00  00.00 
#onoff#on  2  59964.36 0 0  1111.67   866.67   923.33   07.59  08.38  07.72 
#onoff#on  2  59964.36 0 0  1299.67    43.33    59.33   04.19  00.47  00.47 
#onoff#on  2  59964.36 0 0    53.00   00.00 
#onoff#off 2  59966.77 0 0 1102.33 859.33 916.00  02.87 01.89 01.63 
#onoff#off 2  59966.77 0 0 1301.67 42.33 59.00  02.49 00.47 00.00 
#onoff#off 2  59966.77 0 0 52.00  00.00 
#onoff#cal 2  59968.82 0 0 1101.67 858.67 915.67  02.36 01.25 00.47 
#onoff#cal 2  59968.82 0 0 1297.33 42.67 59.00  04.50 00.47 00.00 
#onoff#cal 2  59968.82 0 0 52.67  00.47 
#onoff#on  3  59971.36 0 0  1104.67   861.67   917.00   00.94  01.70  02.45 
#onoff#on  3  59971.36 0 0  1299.33    42.67    59.00   04.03  00.47  00.00 
#onoff#on  3  59971.36 0 0    52.00   00.00 
#onoff#off 3  59973.78 0 0 1105.00 860.00 916.67  03.27 01.41 01.70 
#onoff#off 3  59973.78 0 0 1300.00 43.00 59.00  02.45 00.00 00.00 
#onoff#off 3  59973.78 0 0 53.00  00.00 
#onoff#cal 3  59975.82 0 0 1108.67 863.67 917.33  01.89 00.94 00.94 
#onoff#cal 3  59975.82 0 0 1301.67 43.00 60.00  04.64 00.00 00.00 
#onoff#cal 3  59975.82 0 0 52.00  00.00 
#onoff#on  4  59978.63 0 0  1102.67   865.00   920.00   04.50  00.82  00.82 
#onoff#on  4  59978.63 0 0  1301.33    43.00    60.00   01.89  00.00  00.00 
#onoff#on  4  59978.63 0 0    52.33   00.47 
#onoff#off 4  59980.95 0 0 1103.67 863.00 916.00  03.86 00.82 00.00 
#onoff#off 4  59980.95 0 0 1299.33 43.00 59.33  01.25 00.00 00.47 
#onoff#off 4  59980.96 0 0 52.00  00.00 
#onoff#cal 4  59983.22 0 0 1100.67 859.67 916.67  02.87 03.77 02.05 
#onoff#cal 4  59983.22 0 0 1297.33 42.67 59.67  01.25 00.47 00.47 
#onoff#cal 4  59983.23 0 0 52.67  00.47 
#onoff#on  5  59985.94 0 0  1106.33   867.33   918.00   06.65  03.86  02.16 
#onoff#on  5  59985.94 0 0  1302.67    43.00    60.00   00.47  00.00  00.00 
#onoff#on  5  59985.94 0 0    53.00   00.00 
#onoff#off 5  59988.21 0 0 1105.00 867.67 919.00  01.41 01.70 01.41 
#onoff#off 5  59988.21 0 0 1300.33 43.00 59.67  00.47 00.00 00.47 
#onoff#off 5  59988.22 0 0 52.67  00.47 
#onoff#cal 5  59990.41 0 0 1102.67 865.33 916.67  01.25 03.09 04.92 
#onoff#cal 5  59990.41 0 0 1300.00 43.00 59.33  06.53 00.00 00.47 
#onoff#cal 5  59990.41 0 0 52.33  00.47 
#onoff#on  6  59993.22 0 0  1105.00   869.00   917.67   02.94  02.94  01.70 
#onoff#on  6  59993.22 0 0  1303.67    43.00    60.00   04.50  00.00  00.00 
#onoff#on  6  59993.23 0 0    53.00   00.00 
#onoff#off 6  59995.38 0 0 1108.33 864.67 919.00  01.70 00.94 02.16 
#onoff#off 6  59995.38 0 0 1299.67 43.33 60.00  05.44 00.47 00.00 
#onoff#off 6  59995.38 0 0 53.33  00.47 
#onoff#cal 6  59997.65 0 0 1107.33 865.67 916.67  03.09 01.70 00.47 
#onoff#cal 6  59997.65 0 0 1300.33 43.00 59.67  03.30 00.00 00.47 
#onoff#cal 6  59997.66 0 0 53.00  00.00 
#onoff#on  7  60000.35 0 0  1109.67   872.00   922.67   05.79  06.68  02.49 
#onoff#on  7  60000.36 0 0  1304.00    43.33    60.00   05.35  00.47  00.00 
#onoff#on  7  60000.36 0 0    53.00   00.00 
#onoff#off 7  60002.78 0 0 1107.00 865.33 922.00  02.45 00.47 00.00 
#onoff#off 7  60002.78 0 0 1302.33 43.33 59.67  00.94 00.47 00.47 
#onoff#off 7  60002.78 0 0 53.00  00.00 
#onoff#cal 7  60004.82 0 0 1105.67 862.00 917.33  01.70 00.82 01.25 
#onoff#cal 7  60004.82 0 0 1298.33 43.33 59.00  05.73 00.47 00.00 
#onoff#cal 7  60004.83 0 0 52.33  00.47 
#onoff#on  8  60007.61 0 0  1109.00   861.00   916.33   09.93  01.63  02.05 
#onoff#on  8  60007.61 0 0  1302.67    43.33    59.00   02.05  00.47  00.00 
#onoff#on  8  60007.62 0 0    52.33   00.47 
#onoff#off 8  60009.93 0 0 1106.00 859.33 915.33  01.63 01.70 01.25 
#onoff#off 8  60009.93 0 0 1303.00 43.33 59.00  02.94 00.47 00.00 
#onoff#off 8  60009.93 0 0 52.33  00.47 
#onoff#cal 8  60012.15 0 0 1101.00 858.00 915.00  03.27 01.41 00.82 
#onoff#cal 8  60012.15 0 0 1303.33 42.33 58.67  02.49 00.47 00.47 
#onoff#cal 8  60012.16 0 0 52.00  00.00 
#onoff#on  9  60014.8  0 0  1102.67   860.00   913.67   01.89  01.63  00.47 
#onoff#on  9  60014.8  0 0  1296.33    43.00    59.00   03.09  00.00  00.00 
#onoff#on  9  60014.8  0 0    52.00   00.00 
#onoff#off 9  60017.06 0 0 1103.00 859.67 914.00  04.24 00.47 00.82 
#onoff#off 9  60017.06 0 0 1298.33 42.67 59.00  02.87 00.47 00.00 
#onoff#off 9  60017.06 0 0 52.00  00.00 
#onoff#cal 9  60019.35 0 0 1105.00 858.00 915.33  02.94 01.41 00.94 
#onoff#cal 9  60019.35 0 0 1298.00 42.33 59.00  01.63 00.47 00.00 
#onoff#cal 9  60019.36 0 0 52.00  00.00 
#onoff#on  10 60022.23 0 0  1103.33   864.33   917.33   02.05  03.68  03.09 
#onoff#on  10 60022.23 0 0  1303.00    43.00    59.00   04.24  00.00  00.00 
#onoff#on  10 60022.23 0 0    52.00   00.00 
#onoff#off 10 60024.38 0 0 1104.67 862.67 917.00  04.64 00.47 00.82 
#onoff#off 10 60024.38 0 0 1302.00 43.00 59.00  01.41 00.00 00.00 
#onoff#off 10 60024.38 0 0 53.00  00.00 
#onoff#cal 10 60026.6  0 0 1100.33 863.00 918.67  06.55 00.82 01.70 
#onoff#cal 10 60026.61 0 0 1301.67 43.00 59.00  03.86 00.00 00.00 
#onoff#cal 10 60026.61 0 0 53.00  00.00 
#onoff#sefd              6.16 79.50 0.00  0.00   0.00  0.00  
#onoff#sefd              6.16 79.50 0.00  0.00   0.00  0.00  
#onoff#sefd              6.16 79.50 0.00  0.00   0.00  0.00  
#onoff#sefd              6.16 79.50 0.00   0.00  
#onoff#fluxsrc  gal      6.16 79.50 0.00  0.00   0.00  0.00  
#onoff#fluxsrc  gal      6.16 79.50 0.00  0.00   0.00  0.00  
#onoff#fluxsrc  gal      6.16 79.50 -0.50 -0.40  0.50  0.49  
#onoff#fluxsrc  gal      6.16 79.50 -0.30  0.46  
