#onoff#source gal        012732.6 +422244.8 0000.0 2026.036.16:58:29
#onoff#site   uclo     -0.2500  51.6133  3.00 xxxx 0  0.00  0.00
#onoff#onoff  10 3 2u 3u 0 60 10 10 0.0704 0.0704 1 1
#onoff#origin 0.0000 0.0000 0.0000 0.0000 0.0000 0.0000
#onoff#on  1  61110.83 0 0  1097.00   854.00   932.33   05.35  02.16  04.50 
#onoff#on  1  61110.83 0 0  1302.67    47.67    68.00   04.03  00.47  00.82 
#onoff#on  1  61110.83 0 0    58.33   00.94 
#onoff#off 1  61112.93 0 0 1096.33 851.00 932.00  04.99 00.82 02.16 
#onoff#off 1  61112.94 0 0 1300.33 46.67 66.33  01.70 00.47 00.47 
#onoff#off 1  61112.94 0 0 57.00  00.00 
#onoff#cal 1  61115.17 0 0 1094.00 851.00 928.67  02.16 02.16 01.89 
#onoff#cal 1  61115.17 0 0 1299.67 47.67 66.00  03.30 00.47 00.00 
#onoff#cal 1  61115.17 0 0 56.67  00.47 
#onoff#on  2  61117.95 0 0  1097.33   850.00   927.00   03.30  02.16  01.41 
#onoff#on  2  61117.95 0 0  1307.33    47.00    65.00   01.25  00.00  00.00 
#onoff#on  2  61117.95 0 0    56.00   00.00 
#onoff#off 2  61119.96 0 0 1090.33 845.00 927.00  04.19 02.16 02.16 
#onoff#off 2  61119.96 0 0 1297.33 46.67 65.33  02.62 00.47 00.47 
#onoff#off 2  61119.96 0 0 56.00  00.00 
#onoff#cal 2  61121.81 0 0 1092.67 849.67 928.67  05.44 00.47 01.70 
#onoff#cal 2  61121.82 0 0 1302.67 47.00 65.00  04.50 00.00 00.00 
#onoff#cal 2  61121.82 0 0 56.33  00.47 
#onoff#on  3  61124.38 0 0  1094.00   844.00   926.00   03.27  02.16  00.82 
#onoff#on  3  61124.38 0 0  1297.67    47.33    65.00   01.70  00.47  00.00 
#onoff#on  3  61124.38 0 0    56.00   00.00 
#onoff#off 3  61126.8  0 0 1091.67 849.00 925.67  03.68 02.16 03.09 
#onoff#off 3  61126.8  0 0 1303.33 47.00 65.00  00.47 00.00 00.00 
#onoff#off 3  61126.81 0 0 56.00  00.00 
#onoff#cal 3  61128.69 0 0 1093.33 849.67 930.33  02.49 01.25 03.86 
#onoff#cal 3  61128.7  0 0 1300.67 47.00 65.00  02.87 00.00 00.00 
#onoff#cal 3  61128.7  0 0 56.33  00.47 
#onoff#on  4  61131.36 0 0  1100.33   847.33   929.00   02.62  02.49  01.41 
#onoff#on  4  61131.36 0 0  1305.00    46.67    65.00   02.94  00.47  00.00 
#onoff#on  4  61131.36 0 0    56.00   00.00 
#onoff#off 4  61133.79 0 0 1096.67 850.33 931.33  02.62 01.89 02.49 
#onoff#off 4  61133.79 0 0 1301.67 48.00 65.67  03.86 00.00 00.47 
#onoff#off 4  61133.79 0 0 56.00  00.00 
#onoff#cal 4  61135.71 0 0 1095.00 848.33 930.67  01.41 01.25 01.70 
#onoff#cal 4  61135.71 0 0 1297.67 47.67 66.00  01.25 00.47 00.00 
#onoff#cal 4  61135.71 0 0 56.00  00.00 
#onoff#on  5  61138.35 0 0  1096.67   849.67   929.00   01.25  00.47  00.82 
#onoff#on  5  61138.35 0 0  1301.67    47.67    65.33   05.73  00.47  00.47 
#onoff#on  5  61138.36 0 0    56.00   00.00 
#onoff#off 5  61140.79 0 0 1097.00 852.00 929.33  03.56 01.41 01.25 
#onoff#off 5  61140.79 0 0 1300.33 48.00 65.00  01.89 00.00 00.00 
#onoff#off 5  61140.79 0 0 56.00  00.00 
#onoff#cal 5  61142.68 0 0 1097.00 849.00 928.00  05.72 01.63 00.82 
#onoff#cal 5  61142.68 0 0 1300.33 47.33 65.00  01.89 00.47 00.00 
#onoff#cal 5  61142.68 0 0 56.00  00.00 
#onoff#on  6  61145.37 0 0  1095.33   848.00   926.67   02.87  02.16  00.94 
#onoff#on  6  61145.37 0 0  1307.67    47.33    65.00   04.19  00.47  00.00 
#onoff#on  6  61145.37 0 0    56.00   00.00 
#onoff#off 6  61147.8  0 0 1090.00 848.00 928.33  03.27 00.82 01.25 
#onoff#off 6  61147.8  0 0 1303.67 47.67 65.00  03.86 00.47 00.00 
#onoff#off 6  61147.8  0 0 56.00  00.00 
#onoff#cal 6  61149.7  0 0 1092.00 848.67 929.33  01.41 02.05 01.25 
#onoff#cal 6  61149.7  0 0 1300.33 47.33 65.00  02.87 00.47 00.00 
#onoff#cal 6  61149.7  0 0 56.00  00.00 
#onoff#on  7  61152.36 0 0  1095.00   848.67   927.00   01.41  01.25  00.82 
#onoff#on  7  61152.36 0 0  1299.33    47.00    65.00   00.47  00.00  00.00 
#onoff#on  7  61152.36 0 0    55.67   00.47 
#onoff#off 7  61154.79 0 0 1096.00 850.33 927.67  00.82 00.47 00.94 
#onoff#off 7  61154.79 0 0 1305.00 47.00 65.00  02.16 00.00 00.00 
#onoff#off 7  61154.79 0 0 55.67  00.47 
#onoff#cal 7  61156.68 0 0 1090.67 851.00 929.67  02.87 00.00 00.47 
#onoff#cal 7  61156.69 0 0 1301.67 47.33 65.00  05.79 00.47 00.00 
#onoff#cal 7  61156.69 0 0 56.00  00.00 
#onoff#on  8  61159.36 0 0  1092.67   850.00   927.00   02.62  00.82  01.41 
#onoff#on  8  61159.37 0 0  1301.33    47.00    65.00   01.70  00.00  00.00 
#onoff#on  8  61159.37 0 0    55.33   00.47 
#onoff#off 8  61161.78 0 0 1097.00 850.00 929.67  02.45 01.63 00.94 
#onoff#off 8  61161.78 0 0 1301.33 47.33 65.00  02.05 00.47 00.00 
#onoff#off 8  61161.78 0 0 55.00  00.00 
#onoff#cal 8  61163.68 0 0 1096.00 852.33 930.67  02.45 00.47 02.05 
#onoff#cal 8  61163.69 0 0 1298.67 49.00 65.00  00.47 00.82 00.00 
#onoff#cal 8  61163.69 0 0 55.67  00.47 
#onoff#on  9  61166.35 0 0  1106.67   852.33   929.67   03.30  01.70  01.25 
#onoff#on  9  61166.36 0 0  1299.67    49.00    66.00   00.47  01.41  01.41 
#onoff#on  9  61166.36 0 0    56.67   00.94 
#onoff#off 9  61168.81 0 0 1104.00 851.67 926.67  10.61 00.47 01.25 
#onoff#off 9  61168.81 0 0 1296.00 47.00 64.67  03.27 00.00 00.47 
#onoff#off 9  61168.81 0 0 55.67  00.47 
#onoff#cal 9  61170.69 0 0 1094.00 849.67 924.33  04.55 01.25 02.05 
#onoff#cal 9  61170.7  0 0 1300.00 47.00 65.00  03.74 00.00 00.00 
#onoff#cal 9  61170.7  0 0 55.33  00.47 
#onoff#on  10 61173.36 0 0  1095.67   852.00   926.33   01.25  00.82  00.47 
#onoff#on  10 61173.36 0 0  1303.00    46.33    64.67   02.16  00.47  00.47 
#onoff#on  10 61173.37 0 0    55.33   00.47 
#onoff#off 10 61175.81 0 0 1094.33 849.00 925.33  01.25 01.41 00.47 
#onoff#off 10 61175.81 0 0 1306.00 47.00 64.00  04.32 00.00 00.00 
#onoff#off 10 61175.81 0 0 55.00  00.00 
#onoff#cal 10 61177.7  0 0 1093.67 851.33 925.67  03.30 01.70 00.47 
#onoff#cal 10 61177.7  0 0 1300.33 47.00 65.00  06.13 00.00 00.00 
#onoff#cal 10 61177.7  0 0 55.00  00.00 
#onoff#sefd              215.74 79.06 0.00  0.00   0.00  0.00  
#onoff#sefd              215.74 79.06 0.00  0.00   0.00  0.00  
#onoff#sefd              215.74 79.06 0.00  0.00   0.00  0.00  
#onoff#sefd              215.74 79.06 0.00   0.00  
#onoff#fluxsrc  gal      215.74 79.06 -0.10 -0.10  0.30  0.30  
#onoff#fluxsrc  gal      215.74 79.06 0.00  -0.10  0.00  0.30  
#onoff#fluxsrc  gal      215.74 79.06 -0.30 -0.50  0.46  0.50  
#onoff#fluxsrc  gal      215.74 79.06 -0.40  0.49  
