#onoff#source gal        040433.8 +522511.7 0000.0 2026.036.17:31:45
#onoff#site   uclo     -0.2500  51.6133  3.00 xxxx 0  0.00  0.00
#onoff#onoff  10 3 2u 3u 0 60 10 10 0.0704 0.0704 1 1
#onoff#origin 0.0000 0.0000 0.0000 0.0000 0.0000 0.0000
#onoff#on  1  63106.98 0 0  1141.00   897.67   948.00   02.94  01.25  02.16 
#onoff#on  1  63106.98 0 0  1301.67    44.00    61.33   02.87  00.00  00.47 
#onoff#on  1  63106.98 0 0    55.33   00.47 
#onoff#off 1  63109.04 0 0 1139.00 898.67 947.67  02.16 01.70 02.62 
#onoff#off 1  63109.04 0 0 1297.67 44.00 61.33  03.77 00.00 00.47 
#onoff#off 1  63109.04 0 0 55.00  00.00 
#onoff#cal 1  63110.97 0 0 1137.00 898.33 950.00  01.63 01.25 01.63 
#onoff#cal 1  63110.97 0 0 1304.67 44.00 61.33  04.64 00.00 00.47 
#onoff#cal 1  63110.97 0 0 55.00  00.00 
#onoff#on  2  63113.64 0 0  1142.33   903.00   949.00   01.89  00.00  02.16 
#onoff#on  2  63113.65 0 0  1300.00    44.00    61.00   05.10  00.00  00.00 
#onoff#on  2  63113.65 0 0    55.00   00.00 
#onoff#off 2  63115.94 0 0 1141.00 902.00 953.00  01.63 00.82 01.41 
#onoff#off 2  63115.94 0 0 1302.33 44.33 62.00  04.50 00.47 00.00 
#onoff#off 2  63115.95 0 0 56.00  00.00 
#onoff#cal 2  63118.08 0 0 1140.33 900.00 951.00  00.47 02.16 03.56 
#onoff#cal 2  63118.08 0 0 1299.67 44.00 62.00  05.79 00.00 00.00 
#onoff#cal 2  63118.09 0 0 55.67  00.47 
#onoff#on  3  63120.75 0 0  1145.67   904.00   952.33   02.05  02.16  01.25 
#onoff#on  3  63120.75 0 0  1301.00    44.67    61.67   03.56  00.47  00.47 
#onoff#on  3  63120.75 0 0    55.00   00.00 
#onoff#off 3  63122.93 0 0 1142.00 904.67 953.33  02.94 00.94 03.86 
#onoff#off 3  63122.93 0 0 1297.33 44.67 62.33  03.86 00.47 00.47 
#onoff#off 3  63122.93 0 0 56.33  00.47 
#onoff#cal 3  63125.08 0 0 1134.67 899.00 948.67  02.62 02.16 01.89 
#onoff#cal 3  63125.08 0 0 1298.33 44.00 61.00  02.87 00.00 00.00 
#onoff#cal 3  63125.09 0 0 55.00  00.00 
#onoff#on  4  63127.87 0 0  1140.33   900.67   953.33   03.86  01.70  03.40 
#onoff#on  4  63127.87 0 0  1302.00    44.00    61.67   02.16  00.00  00.47 
#onoff#on  4  63127.87 0 0    55.00   00.00 
#onoff#off 4  63130.16 0 0 1140.00 899.33 951.33  01.41 01.25 02.05 
#onoff#off 4  63130.16 0 0 1298.33 44.00 62.33  01.25 00.00 00.47 
#onoff#off 4  63130.17 0 0 55.67  00.94 
#onoff#cal 4  63132.34 0 0 1141.33 900.33 949.33  00.94 01.25 00.47 
#onoff#cal 4  63132.34 0 0 1301.33 45.00 63.00  05.25 00.00 00.00 
#onoff#cal 4  63132.34 0 0 56.00  00.00 
#onoff#on  5  63135.15 0 0  1137.33   900.00   948.33   04.19  00.82  01.25 
#onoff#on  5  63135.15 0 0  1299.33    44.00    61.33   04.50  00.00  00.47 
#onoff#on  5  63135.15 0 0    56.33   00.47 
#onoff#off 5  63137.41 0 0 1142.33 903.33 951.67  02.49 00.94 01.25 
#onoff#off 5  63137.42 0 0 1297.67 44.00 61.00  02.62 00.00 00.00 
#onoff#off 5  63137.42 0 0 55.67  00.47 
#onoff#cal 5  63139.62 0 0 1138.00 899.67 948.33  02.94 00.47 01.70 
#onoff#cal 5  63139.62 0 0 1294.00 44.00 61.00  01.63 00.00 00.00 
#onoff#cal 5  63139.62 0 0 55.00  00.00 
#onoff#on  6  63142.49 0 0  1136.33   898.00   947.00   00.47  02.16  00.82 
#onoff#on  6  63142.49 0 0  1299.67    44.00    61.00   00.94  00.00  00.00 
#onoff#on  6  63142.49 0 0    55.00   00.00 
#onoff#off 6  63144.68 0 0 1137.67 895.33 948.33  01.70 02.87 02.36 
#onoff#off 6  63144.68 0 0 1300.67 44.00 61.33  06.13 00.00 00.47 
#onoff#off 6  63144.69 0 0 55.33  00.47 
#onoff#cal 6  63146.84 0 0 1136.67 899.67 948.33  03.68 01.70 00.47 
#onoff#cal 6  63146.84 0 0 1298.67 44.00 61.00  02.49 00.00 00.00 
#onoff#cal 6  63146.85 0 0 55.33  00.47 
#onoff#on  7  63149.71 0 0  1140.00   898.00   949.33   06.16  02.16  02.49 
#onoff#on  7  63149.71 0 0  1299.00    44.00    61.33   01.63  00.00  00.47 
#onoff#on  7  63149.71 0 0    56.00   01.41 
#onoff#off 7  63151.98 0 0 1141.33 900.00 951.00  05.31 00.82 00.00 
#onoff#off 7  63151.99 0 0 1297.67 44.33 62.00  01.70 00.47 00.82 
#onoff#off 7  63151.99 0 0 56.00  00.82 
#onoff#cal 7  63154.14 0 0 1141.00 898.00 948.67  04.55 01.63 00.47 
#onoff#cal 7  63154.14 0 0 1302.00 44.00 61.00  05.72 00.00 00.00 
#onoff#cal 7  63154.14 0 0 55.00  00.00 
#onoff#on  8  63156.95 0 0  1137.00   900.00   946.33   02.94  00.82  01.70 
#onoff#on  8  63156.95 0 0  1298.33    44.00    61.33   00.47  00.00  00.47 
#onoff#on  8  63156.95 0 0    55.00   00.00 
#onoff#off 8  63159.27 0 0 1142.33 899.67 949.67  03.30 01.25 02.36 
#onoff#off 8  63159.27 0 0 1297.00 44.67 62.00  00.82 00.94 01.41 
#onoff#off 8  63159.27 0 0 55.33  00.47 
#onoff#cal 8  63161.41 0 0 1142.33 898.00 948.00  06.55 00.82 00.82 
#onoff#cal 8  63161.41 0 0 1298.00 44.00 61.00  08.16 00.00 00.00 
#onoff#cal 8  63161.41 0 0 55.00  00.00 
#onoff#on  9  63164.34 0 0  1137.33   898.33   949.00   01.89  01.70  01.63 
#onoff#on  9  63164.34 0 0  1300.33    44.00    61.33   02.36  00.00  00.47 
#onoff#on  9  63164.35 0 0    55.33   00.47 
#onoff#off 9  63166.69 0 0 1139.00 899.33 949.00  02.16 02.62 02.94 
#onoff#off 9  63166.69 0 0 1299.67 44.33 62.33  02.05 00.47 01.25 
#onoff#off 9  63166.69 0 0 56.00  01.41 
#onoff#cal 9  63168.86 0 0 1141.67 899.67 950.00  02.36 02.49 02.94 
#onoff#cal 9  63168.86 0 0 1299.67 45.00 62.33  01.70 00.82 00.94 
#onoff#cal 9  63168.87 0 0 56.67  01.25 
#onoff#on  10 63171.7  0 0  1140.33   900.00   949.33   01.70  01.41  00.47 
#onoff#on  10 63171.7  0 0  1295.00    45.33    62.00   02.83  01.25  00.82 
#onoff#on  10 63171.71 0 0    55.67   00.47 
#onoff#off 10 63173.98 0 0 1140.67 898.67 948.00  01.89 01.25 01.41 
#onoff#off 10 63173.98 0 0 1296.00 44.33 61.67  02.94 00.47 00.94 
#onoff#off 10 63173.98 0 0 55.67  00.94 
#onoff#cal 10 63176.2  0 0 1138.00 901.67 950.67  02.16 01.70 00.94 
#onoff#cal 10 63176.2  0 0 1299.00 44.67 62.67  00.82 00.47 00.94 
#onoff#cal 10 63176.2  0 0 56.00  00.82 
#onoff#sefd              77.85 76.32 0.00  0.00   0.00  0.00  
#onoff#sefd              77.85 76.32 0.00  0.00   0.00  0.00  
#onoff#sefd              77.85 76.32 0.00  0.00   0.00  0.00  
#onoff#sefd              77.85 76.32 0.00   0.00  
#onoff#fluxsrc  gal      77.85 76.32 -0.10 0.00   0.30  0.00  
#onoff#fluxsrc  gal      77.85 76.32 -0.10 -0.10  0.30  0.30  
#onoff#fluxsrc  gal      77.85 76.32 -0.30 -0.40  0.46  0.49  
#onoff#fluxsrc  gal      77.85 76.32 -0.20  0.40  
