#onoff#source gal        012731.8 +422227.7 0000.0 2026.036.16:54:54
#onoff#site   uclo     -0.2500  51.6133  3.00 xxxx 0  0.00  0.00
#onoff#onoff  10 3 2u 3u 0 60 10 10 0.0704 0.0704 1 1
#onoff#origin 0.0000 0.0000 0.0000 0.0000 0.0000 0.0000
#onoff#on  1  60895.81 0 0  1097.00   850.67   929.33   02.94  02.05  00.94 
#onoff#on  1  60895.81 0 0  1296.00    47.00    65.00   00.82  00.00  00.00 
#onoff#on  1  60895.81 0 0    55.67   00.47 
#onoff#off 1  60897.95 0 0 1093.00 849.33 927.00  03.56 01.25 00.82 
#onoff#off 1  60897.95 0 0 1297.33 47.00 65.67  02.49 00.00 00.47 
#onoff#off 1  60897.95 0 0 55.67  00.47 
#onoff#cal 1  60899.81 0 0 1102.67 854.33 927.33  00.94 00.47 01.25 
#onoff#cal 1  60899.81 0 0 1297.67 46.67 65.33  01.89 00.47 00.47 
#onoff#cal 1  60899.81 0 0 55.33  00.47 
#onoff#on  2  60902.35 0 0  1097.33   850.67   934.33   03.40  05.19  02.62 
#onoff#on  2  60902.35 0 0  1299.67    46.00    65.00   05.91  00.00  00.00 
#onoff#on  2  60902.35 0 0    55.00   00.00 
#onoff#off 2  60904.77 0 0 1099.00 851.00 926.00  01.63 02.16 02.45 
#onoff#off 2  60904.78 0 0 1300.33 46.67 65.00  04.19 00.47 00.00 
#onoff#off 2  60904.78 0 0 55.33  00.47 
#onoff#cal 2  60906.8  0 0 1098.33 856.33 928.67  04.19 03.40 03.68 
#onoff#cal 2  60906.8  0 0 1302.67 48.00 67.67  05.56 00.00 00.47 
#onoff#cal 2  60906.8  0 0 57.33  00.47 
#onoff#on  3  60909.4  0 0  1097.00   851.33   930.00   01.41  01.70  00.82 
#onoff#on  3  60909.4  0 0  1300.67    47.33    66.33   03.09  00.47  00.47 
#onoff#on  3  60909.4  0 0    55.67   00.47 
#onoff#off 3  60911.78 0 0 1098.67 851.67 928.33  02.36 01.70 00.47 
#onoff#off 3  60911.78 0 0 1301.67 46.33 65.00  04.03 00.47 00.00 
#onoff#off 3  60911.78 0 0 55.00  00.00 
#onoff#cal 3  60913.81 0 0 1098.67 850.33 930.00  00.47 02.62 00.82 
#onoff#cal 3  60913.81 0 0 1297.67 46.67 65.00  06.34 00.47 00.00 
#onoff#cal 3  60913.81 0 0 55.33  00.47 
#onoff#on  4  60916.62 0 0  1098.33   852.67   931.00   03.86  00.47  01.41 
#onoff#on  4  60916.62 0 0  1304.00    46.33    65.00   02.16  00.47  00.00 
#onoff#on  4  60916.63 0 0    55.67   00.47 
#onoff#off 4  60918.94 0 0 1097.00 850.67 929.00  04.08 00.94 01.41 
#onoff#off 4  60918.94 0 0 1300.67 46.33 65.00  03.09 00.47 00.00 
#onoff#off 4  60918.95 0 0 55.33  00.47 
#onoff#cal 4  60921.35 0 0 1097.67 849.67 928.00  04.78 02.05 04.32 
#onoff#cal 4  60921.35 0 0 1302.33 47.00 65.67  05.79 00.00 00.47 
#onoff#cal 4  60921.36 0 0 56.00  00.00 
#onoff#on  5  60924.24 0 0  1093.67   846.33   928.33   04.50  01.25  02.62 
#onoff#on  5  60924.24 0 0  1306.67    47.00    65.00   07.13  00.00  00.00 
#onoff#on  5  60924.24 0 0    55.33   00.47 
#onoff#off 5  60926.62 0 0 1095.00 847.33 926.67  02.16 00.94 00.47 
#onoff#off 5  60926.62 0 0 1299.67 46.33 65.00  02.36 00.47 00.00 
#onoff#off 5  60926.63 0 0 55.33  00.47 
#onoff#cal 5  60928.81 0 0 1097.67 849.33 927.33  02.05 00.94 01.25 
#onoff#cal 5  60928.81 0 0 1305.67 46.67 65.33  01.70 00.47 00.47 
#onoff#cal 5  60928.81 0 0 55.67  00.47 
#onoff#on  6  60931.69 0 0  1089.67   843.67   922.33   02.87  00.47  00.47 
#onoff#on  6  60931.69 0 0  1303.00    46.00    65.00   00.82  00.00  00.00 
#onoff#on  6  60931.69 0 0    55.00   00.00 
#onoff#off 6  60933.93 0 0 1093.00 847.00 922.00  04.32 03.27 01.41 
#onoff#off 6  60933.94 0 0 1293.67 46.33 65.00  06.02 00.47 00.00 
#onoff#off 6  60933.94 0 0 55.00  00.00 
#onoff#cal 6  60936.23 0 0 1090.33 847.00 925.00  01.25 00.82 04.08 
#onoff#cal 6  60936.23 0 0 1297.67 46.33 65.33  00.94 00.47 00.47 
#onoff#cal 6  60936.23 0 0 55.00  00.00 
#onoff#on  7  60938.94 0 0  1096.33   852.00   930.00   02.05  02.94  01.63 
#onoff#on  7  60938.94 0 0  1301.00    47.00    65.67   04.97  00.00  00.47 
#onoff#on  7  60938.94 0 0    55.67   00.47 
#onoff#off 7  60941.24 0 0 1095.67 851.33 928.67  04.03 02.49 03.86 
#onoff#off 7  60941.24 0 0 1297.33 47.00 66.33  04.50 00.00 00.47 
#onoff#off 7  60941.24 0 0 56.33  00.47 
#onoff#cal 7  60943.4  0 0 1103.33 850.00 928.00  04.50 01.41 00.82 
#onoff#cal 7  60943.4  0 0 1301.00 49.00 65.67  04.90 01.41 00.47 
#onoff#cal 7  60943.41 0 0 56.00  00.00 
#onoff#on  8  60946.23 0 0  1128.33   856.00   932.00   25.09  05.72  03.56 
#onoff#on  8  60946.23 0 0  1304.00    72.67    70.00   01.63  22.10  03.74 
#onoff#on  8  60946.23 0 0    59.00   02.16 
#onoff#off 8  60948.64 0 0 1107.67 854.67 932.67  04.99 04.03 00.94 
#onoff#off 8  60948.65 0 0 1303.00 47.67 66.00  03.74 00.47 00.00 
#onoff#off 8  60948.65 0 0 56.67  00.47 
#onoff#cal 8  60950.8  0 0 1093.67 850.33 948.00  04.78 04.03 33.95 
#onoff#cal 8  60950.81 0 0 1312.00 46.33 65.33  10.68 00.47 00.47 
#onoff#cal 8  60950.81 0 0 55.33  00.47 
#onoff#on  9  60953.63 0 0  1101.33   860.33   941.00   04.64  03.30  07.87 
#onoff#on  9  60953.64 0 0  1304.00    47.67    66.33   08.29  00.47  00.47 
#onoff#on  9  60953.64 0 0    57.00   00.00 
#onoff#off 9  60955.94 0 0 1096.33 852.00 926.33  03.09 00.82 01.70 
#onoff#off 9  60955.94 0 0 1300.67 47.67 66.00  02.36 00.47 00.82 
#onoff#off 9  60955.94 0 0 56.67  00.47 
#onoff#cal 9  60958.35 0 0 1097.33 850.00 931.33  00.47 01.63 02.49 
#onoff#cal 9  60958.35 0 0 1300.33 47.00 66.33  02.87 00.00 00.47 
#onoff#cal 9  60958.36 0 0 57.00  00.00 
#onoff#on  10 60961.35 0 0  1090.33   846.00   926.33   03.86  02.45  02.62 
#onoff#on  10 60961.35 0 0  1302.00    46.67    65.33   04.97  00.47  00.47 
#onoff#on  10 60961.35 0 0    55.33   00.47 
#onoff#off 10 60963.83 0 0 1089.67 847.00 925.00  03.09 03.74 02.83 
#onoff#off 10 60963.83 0 0 1299.33 47.33 65.67  02.62 00.47 00.47 
#onoff#off 10 60963.84 0 0 56.00  00.00 
#onoff#cal 10 60966.15 0 0 1102.67 850.67 929.33  04.11 03.68 01.89 
#onoff#cal 10 60966.15 0 0 1301.67 47.33 66.67  00.94 00.47 00.47 
#onoff#cal 10 60966.15 0 0 56.33  00.47 
#onoff#sefd              212.66 79.37 0.00  0.00   0.00  0.00  
#onoff#sefd              212.66 79.37 0.00  0.00   0.00  0.00  
#onoff#sefd              212.66 79.37 0.00  0.00   0.00  0.00  
#onoff#sefd              212.66 79.37 0.00   0.00  
#onoff#fluxsrc  gal      212.66 79.37 -0.10 -0.10  0.30  0.30  
#onoff#fluxsrc  gal      212.66 79.37 0.00  0.00   0.00  0.00  
#onoff#fluxsrc  gal      212.66 79.37 -0.20 -0.10  0.40  0.30  
#onoff#fluxsrc  gal      212.66 79.37 -0.10  0.30  
