#onoff#source gal        030720.6 +581756.3 0000.0 2026.036.17:28:47
#onoff#site   uclo     -0.2500  51.6133  3.00 xxxx 0  0.00  0.00
#onoff#onoff  10 3 2u 3u 0 60 10 10 0.0704 0.0704 1 1
#onoff#origin 0.0000 0.0000 0.0000 0.0000 0.0000 0.0000
#onoff#on  1  62929.35 0 0  1093.00   869.00   928.00   03.74  06.53  00.00 
#onoff#on  1  62929.36 0 0  1301.33    44.33    62.00   01.70  00.47  00.82 
#onoff#on  1  62929.36 0 0    55.00   00.00 
#onoff#off 1  62931.78 0 0 1091.67 860.00 922.33  04.78 04.32 03.40 
#onoff#off 1  62931.78 0 0 1299.00 44.00 61.00  03.56 00.00 00.00 
#onoff#off 1  62931.78 0 0 55.00  00.00 
#onoff#cal 1  62933.82 0 0 1084.00 855.67 922.00  02.45 02.05 02.16 
#onoff#cal 1  62933.82 0 0 1304.67 44.00 61.67  03.86 00.00 00.47 
#onoff#cal 1  62933.82 0 0 55.33  00.47 
#onoff#on  2  62936.62 0 0  1086.33   855.00   918.00   01.89  00.82  01.63 
#onoff#on  2  62936.63 0 0  1300.33    43.67    60.33   02.49  00.47  00.47 
#onoff#on  2  62936.63 0 0    55.00   00.00 
#onoff#off 2  62939.08 0 0 1087.33 855.33 919.00  02.87 00.47 01.63 
#onoff#off 2  62939.09 0 0 1304.00 44.00 61.00  04.97 00.00 00.00 
#onoff#off 2  62939.09 0 0 55.00  00.00 
#onoff#cal 2  62941.36 0 0 1083.00 855.00 920.33  01.63 01.63 00.47 
#onoff#cal 2  62941.36 0 0 1300.00 44.00 61.00  04.55 00.00 00.00 
#onoff#cal 2  62941.36 0 0 55.00  00.00 
#onoff#on  3  62944.35 0 0  1086.00   858.33   919.67   01.41  01.70  01.70 
#onoff#on  3  62944.36 0 0  1297.67    44.00    61.00   00.47  00.00  00.00 
#onoff#on  3  62944.36 0 0    55.00   00.00 
#onoff#off 3  62946.78 0 0 1085.33 855.33 918.67  01.25 00.94 00.47 
#onoff#off 3  62946.78 0 0 1304.33 44.00 61.33  01.89 00.00 00.47 
#onoff#off 3  62946.78 0 0 54.67  00.47 
#onoff#cal 3  62949.07 0 0 1080.00 854.33 918.33  00.82 02.05 02.87 
#onoff#cal 3  62949.08 0 0 1295.67 43.67 60.67  02.49 00.47 00.47 
#onoff#cal 3  62949.08 0 0 54.33  00.47 
#onoff#on  4  62951.96 0 0  1085.33   853.00   917.33   01.89  01.63  01.25 
#onoff#on  4  62951.96 0 0  1298.67    44.00    61.33   04.92  00.00  00.47 
#onoff#on  4  62951.96 0 0    54.67   00.47 
#onoff#off 4  62954.35 0 0 1084.33 853.33 919.33  02.87 01.89 01.25 
#onoff#off 4  62954.35 0 0 1293.00 43.33 61.00  02.16 00.47 00.00 
#onoff#off 4  62954.36 0 0 55.00  00.00 
#onoff#cal 4  62956.68 0 0 1081.67 850.00 915.00  01.89 02.94 01.41 
#onoff#cal 4  62956.68 0 0 1301.67 44.00 60.33  07.04 00.00 00.47 
#onoff#cal 4  62956.69 0 0 54.67  00.47 
#onoff#on  5  62959.68 0 0  1083.67   851.33   916.33   01.70  00.47  00.47 
#onoff#on  5  62959.68 0 0  1296.33    43.67    60.00   02.49  00.47  00.00 
#onoff#on  5  62959.68 0 0    54.67   00.47 
#onoff#off 5  62962.08 0 0 1084.00 850.00 916.33  02.83 01.63 01.70 
#onoff#off 5  62962.08 0 0 1303.00 44.00 60.00  04.08 00.00 00.00 
#onoff#off 5  62962.08 0 0 54.33  00.47 
#onoff#cal 5  62964.4  0 0 1083.33 853.00 919.67  03.86 02.16 02.49 
#onoff#cal 5  62964.41 0 0 1299.33 43.33 60.33  04.64 00.47 00.47 
#onoff#cal 5  62964.41 0 0 54.67  00.47 
#onoff#on  6  62967.39 0 0  1088.67   853.00   921.33   03.86  00.82  00.47 
#onoff#on  6  62967.39 0 0  1300.33    44.00    61.00   05.25  00.00  00.00 
#onoff#on  6  62967.39 0 0    54.33   00.47 
#onoff#off 6  62969.8  0 0 1085.33 850.00 918.67  01.70 03.27 03.68 
#onoff#off 6  62969.8  0 0 1301.33 43.33 60.00  00.47 00.47 00.00 
#onoff#off 6  62969.8  0 0 54.33  00.47 
#onoff#cal 6  62972.16 0 0 1086.00 853.67 919.33  00.82 01.89 02.49 
#onoff#cal 6  62972.16 0 0 1301.67 43.67 61.00  04.03 00.47 00.00 
#onoff#cal 6  62972.16 0 0 55.00  00.00 
#onoff#on  7  62975.06 0 0  1093.67   864.33   925.67   02.36  04.78  02.62 
#onoff#on  7  62975.07 0 0  1303.67    44.33    61.33   01.25  00.47  00.47 
#onoff#on  7  62975.07 0 0    55.00   00.00 
#onoff#off 7  62977.39 0 0 1083.00 854.67 919.33  02.94 02.49 02.05 
#onoff#off 7  62977.39 0 0 1304.67 44.67 61.67  02.49 00.47 00.47 
#onoff#off 7  62977.39 0 0 55.00  00.00 
#onoff#cal 7  62979.66 0 0 1086.33 858.67 922.33  02.36 02.49 00.47 
#onoff#cal 7  62979.66 0 0 1304.67 44.67 61.67  02.49 00.47 00.47 
#onoff#cal 7  62979.66 0 0 55.33  00.47 
#onoff#on  8  62982.64 0 0  1082.33   850.00   916.67   04.11  01.41  00.94 
#onoff#on  8  62982.64 0 0  1305.33    45.00    61.67   01.25  01.41  00.94 
#onoff#on  8  62982.65 0 0    55.33   00.47 
#onoff#off 8  62984.95 0 0 1084.33 859.00 921.67  00.94 02.83 01.25 
#onoff#off 8  62984.95 0 0 1303.33 44.33 61.33  03.09 00.47 00.47 
#onoff#off 8  62984.96 0 0 55.00  00.00 
#onoff#cal 8  62987.37 0 0 1088.33 860.67 921.00  00.47 02.49 02.94 
#onoff#cal 8  62987.38 0 0 1302.67 44.00 61.33  02.87 00.00 00.47 
#onoff#cal 8  62987.38 0 0 55.33  00.47 
#onoff#on  9  62990.36 0 0  1086.33   857.33   924.00   06.18  06.55  04.08 
#onoff#on  9  62990.36 0 0  1300.00    44.33    61.33   02.16  00.47  01.25 
#onoff#on  9  62990.36 0 0    55.00   00.82 
#onoff#off 9  62992.78 0 0 1097.33 868.67 931.67  04.78 04.50 03.40 
#onoff#off 9  62992.78 0 0 1301.67 44.67 61.67  01.25 00.47 00.47 
#onoff#off 9  62992.79 0 0 56.00  00.00 
#onoff#cal 9  62995.12 0 0 1087.00 858.00 922.33  00.82 02.45 01.25 
#onoff#cal 9  62995.12 0 0 1300.67 44.00 60.67  06.60 00.00 00.47 
#onoff#cal 9  62995.12 0 0 55.00  00.00 
#onoff#on  10 62998.12 0 0  1095.33   867.00   929.00   04.19  06.16  02.94 
#onoff#on  10 62998.12 0 0  1303.00    45.00    62.33   02.16  00.00  00.47 
#onoff#on  10 62998.12 0 0    56.00   00.82 
#onoff#off 10 63000.37 0 0 1089.33 859.33 922.67  03.30 00.94 00.94 
#onoff#off 10 63000.37 0 0 1300.67 44.33 60.67  06.65 00.47 00.47 
#onoff#off 10 63000.38 0 0 55.33  00.47 
#onoff#cal 10 63002.66 0 0 1096.67 869.00 928.67  07.93 01.41 00.47 
#onoff#cal 10 63002.66 0 0 1305.00 45.00 62.00  00.82 00.00 00.00 
#onoff#cal 10 63002.67 0 0 56.00  00.00 
#onoff#sefd              33.27 81.67 0.00  0.00   0.00  0.00  
#onoff#sefd              33.27 81.67 0.00  0.00   0.00  0.00  
#onoff#sefd              33.27 81.67 0.00  0.00   0.00  0.00  
#onoff#sefd              33.27 81.67 0.00   0.00  
#onoff#fluxsrc  gal      33.27 81.67 0.00  0.00   0.00  0.00  
#onoff#fluxsrc  gal      33.27 81.67 0.00  -0.10  0.00  0.30  
#onoff#fluxsrc  gal      33.27 81.67 -0.30 -0.30  0.46  0.46  
#onoff#fluxsrc  gal      33.27 81.67 -0.10  0.30  
