#onoff#source gal        015225.4 +620202.0 0000.0 2026.029.17:05:25
#onoff#site   uclo     -0.2500  51.6133  3.00 xxxx 0  0.00  0.00
#onoff#onoff  3 33 2u 3u 0 60 10 10 0.0704 0.0704 1 1
#onoff#origin 0.0000 0.0000 0.0000 0.0000 0.0000 0.0000
#onoff#on  1  61541.78 0 0  1134.39   911.64   944.67   04.30  03.31  02.24 
#onoff#on  1  61541.78 0 0  1394.76    50.12    72.91   05.12  00.64  00.75 
#onoff#on  1  61541.79 0 0    65.03   00.58 
#onoff#off 1  61559.34 0 0 1132.67 908.94 943.39  03.71 01.74 02.24 
#onoff#off 1  61559.34 0 0 1394.64 49.73 72.09  05.59 00.45 00.29 
#onoff#off 1  61559.34 0 0 64.18  00.39 
#onoff#cal 1  61576.35 0 0 1133.55 910.61 946.91  03.43 05.06 03.86 
#onoff#cal 1  61576.35 0 0 1395.42 49.39 71.97  04.59 00.49 00.30 
#onoff#cal 1  61576.36 0 0 63.97  00.17 
#onoff#on  2  61594.34 0 0  1133.18   910.42   946.15   03.83  02.90  02.49 
#onoff#on  2  61594.34 0 0  1393.45    49.42    71.27   05.17  00.55  00.45 
#onoff#on  2  61594.34 0 0    63.67   00.53 
#onoff#off 2  61611.8  0 0 1133.85 910.70 945.79  04.04 02.85 01.93 
#onoff#off 2  61611.81 0 0 1395.85 49.03 71.00  03.88 00.30 00.35 
#onoff#off 2  61611.81 0 0 63.03  00.17 
#onoff#cal 2  61629.34 0 0 1134.30 912.76 947.58  02.84 02.56 02.02 
#onoff#cal 2  61629.34 0 0 1395.12 48.82 70.73  04.81 00.39 00.51 
#onoff#cal 2  61629.34 0 0 62.85  00.36 
#onoff#on  3  61647.33 0 0  1136.52   913.94   948.94   04.33  02.27  02.52 
#onoff#on  3  61647.34 0 0  1395.76    48.76    70.15   03.68  00.55  00.43 
#onoff#on  3  61647.34 0 0    62.30   00.52 
#onoff#off 3  61664.8  0 0 1134.85 913.97 948.67  03.99 02.69 02.11 
#onoff#off 3  61664.8  0 0 1397.67 48.36 69.88  04.17 00.48 00.48 
#onoff#off 3  61664.8  0 0 62.00  00.55 
#onoff#cal 3  61682.33 0 0 1136.18 914.24 950.12  04.34 02.42 05.88 
#onoff#cal 3  61682.33 0 0 1396.03 48.06 69.55  05.68 00.34 00.50 
#onoff#cal 3  61682.34 0 0 61.58  00.49 
#onoff#sefd              6.37 79.49 0.00  0.00   0.00  0.00  
#onoff#sefd              6.37 79.49 0.00  0.00   0.00  0.00  
#onoff#sefd              6.37 79.49 0.00  0.00   0.00  0.00  
#onoff#sefd              6.37 79.49 0.00   0.00  
#onoff#fluxsrc  gal      6.37 79.49 0.00  0.00   0.00  0.00  
#onoff#fluxsrc  gal      6.37 79.49 0.00  0.00   0.00  0.00  
#onoff#fluxsrc  gal      6.37 79.49 0.00  0.00   0.00  0.00  
#onoff#fluxsrc  gal      6.37 79.49 0.00   0.00  
