#onoff#source gal        040431.1 +522521.0 0000.0 2026.029.16:56:58
#onoff#site   uclo     -0.2500  51.6133  3.00 xxxx 0  0.00  0.00
#onoff#onoff  3 33 2u 3u 0 60 10 10 0.0704 0.0704 1 1
#onoff#origin 0.0000 0.0000 0.0000 0.0000 0.0000 0.0000
#onoff#on  1  61033.91 0 0  1165.70   954.45   959.97   04.06  01.69  01.88 
#onoff#on  1  61033.92 0 0  1394.03    45.48    64.18   04.32  00.50  00.39 
#onoff#on  1  61033.92 0 0    60.09   00.29 
#onoff#off 1  61050.27 0 0 1166.42 955.12 960.00  03.24 01.84 01.95 
#onoff#off 1  61050.27 0 0 1395.09 45.48 64.21  04.42 00.56 00.48 
#onoff#off 1  61050.28 0 0 60.12  00.41 
#onoff#cal 1  61066.56 0 0 1167.48 954.73 960.52  03.97 01.88 01.69 
#onoff#cal 1  61066.56 0 0 1394.64 45.52 64.12  04.64 00.70 00.33 
#onoff#cal 1  61066.56 0 0 60.06  00.24 
#onoff#on  2  61083.86 0 0  1168.00   955.82   960.03   03.01  01.99  01.85 
#onoff#on  2  61083.86 0 0  1396.18    45.42    64.06   05.29  00.55  00.34 
#onoff#on  2  61083.86 0 0    60.03   00.17 
#onoff#off 2  61100.78 0 0 1168.12 957.73 960.42  03.67 01.91 01.72 
#onoff#off 2  61100.79 0 0 1395.70 45.39 64.09  04.32 00.49 00.29 
#onoff#off 2  61100.79 0 0 60.00  00.00 
#onoff#cal 2  61117.66 0 0 1168.12 957.61 961.61  03.72 02.49 02.46 
#onoff#cal 2  61117.67 0 0 1395.91 45.88 64.21  04.63 00.48 00.48 
#onoff#cal 2  61117.67 0 0 60.15  00.43 
#onoff#on  3  61135.21 0 0  1169.94   960.73   962.97   04.42  05.28  03.46 
#onoff#on  3  61135.21 0 0  1397.12    45.97    64.64   04.21  00.58  01.15 
#onoff#on  3  61135.22 0 0    60.33   00.77 
#onoff#off 3  61152.07 0 0 1169.45 959.00 961.39  03.94 02.56 02.27 
#onoff#off 3  61152.07 0 0 1397.85 45.79 64.30  06.06 00.41 00.46 
#onoff#off 3  61152.07 0 0 60.06  00.24 
#onoff#cal 3  61169.15 0 0 1168.76 958.45 960.61  03.80 01.89 01.82 
#onoff#cal 3  61169.15 0 0 1397.03 45.36 64.12  04.94 00.48 00.33 
#onoff#cal 3  61169.16 0 0 60.00  00.00 
#onoff#sefd              73.03 67.07 0.00  0.00   0.00  0.00  
#onoff#sefd              73.03 67.07 0.00  0.00   0.00  0.00  
#onoff#sefd              73.03 67.07 0.00  0.00   0.00  0.00  
#onoff#sefd              73.03 67.07 0.00   0.00  
#onoff#fluxsrc  gal      73.03 67.07 -0.33 0.00   0.47  0.00  
#onoff#fluxsrc  gal      73.03 67.07 0.00  0.00   0.00  0.00  
#onoff#fluxsrc  gal      73.03 67.07 0.00  0.00   0.00  0.00  
#onoff#fluxsrc  gal      73.03 67.07 0.00   0.00  
