#onoff#source gal        030721.4 +581754.1 0000.0 2026.029.17:01:20
#onoff#site   uclo     -0.2500  51.6133  3.00 xxxx 0  0.00  0.00
#onoff#onoff  3 33 2u 3u 0 60 10 10 0.0704 0.0704 1 1
#onoff#origin 0.0000 0.0000 0.0000 0.0000 0.0000 0.0000
#onoff#on  1  61296.78 0 0  1135.55   934.03   950.88   03.06  01.62  01.95 
#onoff#on  1  61296.78 0 0  1395.73    48.03    69.00   04.19  00.17  00.00 
#onoff#on  1  61296.79 0 0    65.12   00.33 
#onoff#off 1  61313.69 0 0 1134.82 935.39 951.67  03.84 02.06 01.87 
#onoff#off 1  61313.69 0 0 1396.88 48.24 69.06  05.09 00.43 00.42 
#onoff#off 1  61313.7  0 0 65.09  00.29 
#onoff#cal 1  61330.35 0 0 1135.58 933.30 949.70  03.39 02.24 01.78 
#onoff#cal 1  61330.35 0 0 1396.18 48.00 68.97  04.78 00.00 00.17 
#onoff#cal 1  61330.35 0 0 64.88  00.33 
#onoff#on  2  61347.82 0 0  1136.33   934.76   950.12   03.99  01.88  02.31 
#onoff#on  2  61347.82 0 0  1398.24    48.09    69.00   04.21  00.29  00.00 
#onoff#on  2  61347.82 0 0    64.94   00.24 
#onoff#off 2  61365.34 0 0 1136.30 933.42 949.45  03.61 01.94 01.79 
#onoff#off 2  61365.35 0 0 1394.48 48.03 68.94  04.57 00.17 00.24 
#onoff#off 2  61365.35 0 0 64.97  00.17 
#onoff#cal 2  61382.73 0 0 1133.03 932.18 948.00  03.55 01.60 01.67 
#onoff#cal 2  61382.74 0 0 1395.70 48.03 68.91  04.41 00.17 00.29 
#onoff#cal 2  61382.74 0 0 65.03  00.17 
#onoff#on  3  61400.26 0 0  1135.21   933.79   950.03   03.76  03.75  03.19 
#onoff#on  3  61400.27 0 0  1397.36    48.39    69.24   04.82  00.55  00.70 
#onoff#on  3  61400.27 0 0    65.15   00.56 
#onoff#off 3  61417.19 0 0 1134.94 933.18 949.30  03.37 02.14 02.05 
#onoff#off 3  61417.19 0 0 1394.76 48.03 68.88  04.53 00.17 00.33 
#onoff#off 3  61417.19 0 0 64.33  00.47 
#onoff#cal 3  61434.34 0 0 1133.39 930.61 947.91  03.72 02.45 01.64 
#onoff#cal 3  61434.34 0 0 1395.18 48.00 68.42  04.63 00.25 00.49 
#onoff#cal 3  61434.34 0 0 64.12  00.33 
#onoff#sefd              53.53 75.67 0.00  0.00   0.00  0.00  
#onoff#sefd              53.53 75.67 0.00  0.00   0.00  0.00  
#onoff#sefd              53.53 75.67 0.00  0.00   0.00  0.00  
#onoff#sefd              53.53 75.67 0.00   0.00  
#onoff#fluxsrc  gal      53.53 75.67 0.00  0.00   0.00  0.00  
#onoff#fluxsrc  gal      53.53 75.67 0.00  0.00   0.00  0.00  
#onoff#fluxsrc  gal      53.53 75.67 -0.33 0.00   0.47  0.00  
#onoff#fluxsrc  gal      53.53 75.67 0.00   0.00  
