#onoff#source gal        012732.8 +422234.3 0000.0 2026.029.17:09:45
#onoff#site   uclo     -0.2500  51.6133  3.00 xxxx 0  0.00  0.00
#onoff#onoff  3 33 2u 3u 0 60 10 10 0.0704 0.0704 1 1
#onoff#origin 0.0000 0.0000 0.0000 0.0000 0.0000 0.0000
#onoff#on  1  61802.34 0 0  1130.79   910.24   936.45   07.43  01.94  02.02 
#onoff#on  1  61802.34 0 0  1394.64    55.33    74.67   04.46  00.53  00.64 
#onoff#on  1  61802.34 0 0    64.30   00.46 
#onoff#off 1  61819.8  0 0 1130.58 908.61 936.03  07.41 02.37 02.66 
#onoff#off 1  61819.8  0 0 1394.64 55.06 74.21  05.09 00.49 00.41 
#onoff#off 1  61819.8  0 0 64.09  00.29 
#onoff#cal 1  61836.81 0 0 1133.24 908.15 937.03  05.41 01.94 02.68 
#onoff#cal 1  61836.82 0 0 1395.55 54.97 73.76  04.98 00.30 00.49 
#onoff#cal 1  61836.82 0 0 63.82  00.52 
#onoff#on  2  61854.33 0 0  1129.24   907.33   937.85   05.71  02.08  02.57 
#onoff#on  2  61854.33 0 0  1394.76    54.76    73.42   04.76  00.43  00.49 
#onoff#on  2  61854.33 0 0    63.39   00.55 
#onoff#off 2  61871.8  0 0 1131.03 907.85 937.70  08.66 03.16 02.77 
#onoff#off 2  61871.8  0 0 1393.52 55.52 73.45  05.12 01.62 01.54 
#onoff#off 2  61871.8  0 0 63.64  01.10 
#onoff#cal 2  61889.33 0 0 1130.36 906.58 936.09  05.77 03.44 02.71 
#onoff#cal 2  61889.33 0 0 1391.61 54.39 72.12  04.59 00.60 00.54 
#onoff#cal 2  61889.33 0 0 62.42  00.60 
#onoff#on  3  61907.33 0 0  1126.36   905.21   935.33   05.87  02.28  02.58 
#onoff#on  3  61907.33 0 0  1394.48    53.58    71.21   05.67  00.49  00.48 
#onoff#on  3  61907.34 0 0    62.03   00.30 
#onoff#off 3  61924.78 0 0 1125.36 905.73 939.58  06.64 02.76 08.09 
#onoff#off 3  61924.79 0 0 1394.09 53.39 70.97  04.66 00.69 00.58 
#onoff#off 3  61924.79 0 0 62.55  01.37 
#onoff#cal 3  61942.33 0 0 1125.09 906.09 937.45  05.32 02.73 02.20 
#onoff#cal 3  61942.33 0 0 1394.91 53.03 70.21  05.56 00.52 00.41 
#onoff#cal 3  61942.33 0 0 61.18  00.39 
#onoff#sefd              201.39 80.20 0.00  0.00   0.00  0.00  
#onoff#sefd              201.39 80.20 0.00  0.00   0.00  0.00  
#onoff#sefd              201.39 80.20 0.00  0.00   0.00  0.00  
#onoff#sefd              201.39 80.20 0.00   0.00  
#onoff#fluxsrc  gal      201.39 80.20 0.00  0.00   0.00  0.00  
#onoff#fluxsrc  gal      201.39 80.20 0.00  0.00   0.00  0.00  
#onoff#fluxsrc  gal      201.39 80.20 0.00  0.00   0.00  0.00  
#onoff#fluxsrc  gal      201.39 80.20 0.00   0.00  
