#onoff#source azel       184254.9 +472633.4 0000.0 2026.051.11:02:02
#onoff#site   uclo     -0.2500  51.6133  3.00 xxxx 0  0.00  0.00
#onoff#onoff  3 10 2u 3u 0 60 10 10 0.0704 0.0704 1 1
#onoff#origin 0.0000 0.0000 0.0000 0.0000 0.0000 0.0000
#onoff#on  1  39726.81 0 0   208.70   296.20   216.80   00.78  00.60  00.60 
#onoff#on  1  39726.81 0 0    28.00    40.70    65.70   00.00  00.46  00.46 
#onoff#on  1  39726.81 0 0    57.90   00.30 
#onoff#off 1  39731.94 0 0 208.80 296.40 216.30  01.08 00.66 00.64 
#onoff#off 1  39731.94 0 0 28.00 40.40 65.70  00.00 00.49 00.46 
#onoff#off 1  39731.94 0 0 58.00  00.00 
#onoff#cal 1  39736.56 0 0 209.10 295.80 216.20  00.83 00.87 00.40 
#onoff#cal 1  39736.56 0 0 28.00 40.80 66.00  00.00 00.40 00.00 
#onoff#cal 1  39736.56 0 0 58.00  00.00 
#onoff#on  2  39741.74 0 0   209.40   295.80   216.40   01.02  00.75  00.49 
#onoff#on  2  39741.74 0 0    28.00    40.80    66.00   00.00  00.40  00.00 
#onoff#on  2  39741.74 0 0    58.00   00.00 
#onoff#off 2  39746.87 0 0 208.50 295.40 215.90  00.50 00.66 00.83 
#onoff#off 2  39746.87 0 0 28.00 40.90 65.80  00.00 00.30 00.40 
#onoff#off 2  39746.87 0 0 57.70  00.46 
#onoff#cal 2  39751.73 0 0 209.00 295.90 216.10  01.00 00.30 00.54 
#onoff#cal 2  39751.73 0 0 28.00 40.90 65.80  00.00 00.30 00.40 
#onoff#cal 2  39751.73 0 0 57.80  00.40 
#onoff#on  3  39757.41 0 0   208.40   295.50   215.70   00.92  00.81  00.46 
#onoff#on  3  39757.41 0 0    28.00    40.60    65.90   00.00  00.49  00.54 
#onoff#on  3  39757.43 0 0    57.20   00.40 
#onoff#off 3  39762.14 0 0 211.00 295.70 215.90  02.76 00.78 00.54 
#onoff#off 3  39762.14 0 0 28.00 41.80 66.20  00.00 01.78 00.75 
#onoff#off 3  39762.15 0 0 57.80  00.60 
#onoff#cal 3  39767.12 0 0 209.90 295.80 216.40  01.81 00.75 00.49 
#onoff#cal 3  39767.12 0 0 28.00 40.70 65.60  00.00 00.46 00.49 
#onoff#cal 3  39767.12 0 0 57.40  00.49 
#onoff#sefd              273.47 67.08 0.00  0.00   0.00  0.00  
#onoff#sefd              273.47 67.08 0.00  0.00   0.00  0.00  
#onoff#sefd              273.47 67.08 0.00  0.00   0.00  0.00  
#onoff#sefd              273.47 67.08 0.00   0.00  
#onoff#fluxsrc  azel     273.47 67.08 0.00  0.00   0.00  0.00  
#onoff#fluxsrc  azel     273.47 67.08 0.00  -1.00  0.00  0.00  
#onoff#fluxsrc  azel     273.47 67.08 -0.33 -0.33  0.47  0.47  
#onoff#fluxsrc  azel     273.47 67.08 -0.33  0.47  
