#onoff#source azel       184257.2 +472627.7 0000.0 2026.051.10:55:14
#onoff#site   uclo     -0.2500  51.6133  3.00 xxxx 0  0.00  0.00
#onoff#onoff  3 10 2u 3u 0 60 10 10 0.0704 0.0704 1 1
#onoff#origin 0.0000 0.0000 0.0000 0.0000 0.0000 0.0000
#onoff#on  1  39318.88 0 0   216.10   366.40   295.80   01.37  01.56  00.87 
#onoff#on  1  39318.89 0 0    49.90    40.70    57.40   00.30  00.46  00.49 
#onoff#on  1  39318.89 0 0    50.00   00.00 
#onoff#off 1  39323.9  0 0 215.40 366.30 297.30  00.80 01.42 01.35 
#onoff#off 1  39323.9  0 0 49.80 40.90 57.60  00.40 00.30 00.49 
#onoff#off 1  39323.9  0 0 50.10  00.30 
#onoff#cal 1  39328.6  0 0 215.20 366.60 297.20  01.54 01.85 01.17 
#onoff#cal 1  39328.6  0 0 49.40 40.60 57.70  00.49 00.49 00.46 
#onoff#cal 1  39328.62 0 0 50.10  00.30 
#onoff#on  2  39334.25 0 0   214.90   365.40   297.40   01.14  01.74  01.20 
#onoff#on  2  39334.25 0 0    49.80    40.90    57.40   00.60  00.30  00.49 
#onoff#on  2  39334.25 0 0    50.00   00.00 
#onoff#off 2  39339.07 0 0 214.40 364.30 297.00  00.66 00.90 01.10 
#onoff#off 2  39339.07 0 0 49.40 40.50 57.30  00.49 00.50 00.46 
#onoff#off 2  39339.09 0 0 50.00  00.00 
#onoff#cal 2  39343.84 0 0 214.70 364.80 294.30  01.00 00.98 01.10 
#onoff#cal 2  39343.84 0 0 48.90 40.30 57.50  00.54 00.46 00.50 
#onoff#cal 2  39343.85 0 0 50.00  00.00 
#onoff#on  3  39349.47 0 0   215.30   365.00   295.60   00.78  01.73  01.02 
#onoff#on  3  39349.47 0 0    49.10    40.60    57.00   00.30  00.49  00.00 
#onoff#on  3  39349.47 0 0    50.00   00.00 
#onoff#off 3  39354.28 0 0 216.00 364.90 294.40  01.00 01.51 01.11 
#onoff#off 3  39354.28 0 0 49.00 40.60 57.30  00.00 00.49 00.46 
#onoff#off 3  39354.28 0 0 50.00  00.00 
#onoff#cal 3  39359.11 0 0 215.80 364.80 292.50  00.40 00.87 00.92 
#onoff#cal 3  39359.12 0 0 49.30 40.30 57.40  00.46 00.46 00.49 
#onoff#cal 3  39359.12 0 0 50.00  00.00 
#onoff#sefd              272.26 68.13 0.00  0.00   0.00  0.00  
#onoff#sefd              272.26 68.13 0.00  0.00   0.00  0.00  
#onoff#sefd              272.26 68.13 0.00  0.00   0.00  0.00  
#onoff#sefd              272.26 68.13 0.00   0.00  
#onoff#fluxsrc  azel     272.26 68.13 0.00  0.00   0.00  0.00  
#onoff#fluxsrc  azel     272.26 68.13 0.00  0.00   0.00  0.00  
#onoff#fluxsrc  azel     272.26 68.13 0.00  0.00   0.00  0.00  
#onoff#fluxsrc  azel     272.26 68.13 -1.00  0.00  
