#onoff#source azel       184256.3 +472623.5 0000.0 2026.051.10:46:45
#onoff#site   uclo     -0.2500  51.6133  3.00 xxxx 0  0.00  0.00
#onoff#onoff  3 10 2u 3u 0 60 10 10 0.0704 0.0704 1 1
#onoff#origin 0.0000 0.0000 0.0000 0.0000 0.0000 0.0000
#onoff#on  1  38810.17 0 0   195.20   289.70   229.40   00.87  00.78  00.66 
#onoff#on  1  38810.17 0 0    34.90    42.10    72.80   00.30  00.30  00.40 
#onoff#on  1  38810.17 0 0    62.40   00.49 
#onoff#off 1  38815.23 0 0 195.10 289.10 229.70  00.94 01.04 00.64 
#onoff#off 1  38815.25 0 0 34.60 42.00 72.70  00.49 00.00 00.46 
#onoff#off 1  38815.25 0 0 62.70  00.46 
#onoff#cal 1  38819.94 0 0 196.10 289.50 230.20  00.54 00.50 00.75 
#onoff#cal 1  38819.96 0 0 35.00 42.30 72.80  00.00 00.46 00.40 
#onoff#cal 1  38819.96 0 0 63.00  00.00 
#onoff#on  2  38825.14 0 0   195.40   290.60   229.20   00.92  01.62  00.98 
#onoff#on  2  38825.14 0 0    34.70    42.00    72.60   00.46  00.00  00.49 
#onoff#on  2  38825.14 0 0    62.50   00.50 
#onoff#off 2  38830.67 0 0 194.90 290.40 229.60  00.70 00.92 00.92 
#onoff#off 2  38830.69 0 0 34.90 42.00 72.50  00.30 00.00 00.50 
#onoff#off 2  38830.69 0 0 62.80  00.40 
#onoff#cal 2  38835.55 0 0 195.10 289.60 228.90  00.70 00.92 00.54 
#onoff#cal 2  38835.55 0 0 34.90 42.00 72.40  00.30 00.00 00.49 
#onoff#cal 2  38835.55 0 0 62.90  00.30 
#onoff#on  3  38840.91 0 0   195.50   289.80   229.80   00.67  00.98  00.60 
#onoff#on  3  38840.91 0 0    34.70    42.10    72.70   00.46  00.30  00.46 
#onoff#on  3  38840.91 0 0    63.00   00.00 
#onoff#off 3  38845.86 0 0 201.50 297.10 234.30  03.44 04.91 04.24 
#onoff#off 3  38845.88 0 0 35.10 43.00 74.00  00.30 00.77 01.10 
#onoff#off 3  38845.88 0 0 64.10  00.94 
#onoff#cal 3  38850.94 0 0 195.00 290.50 229.30  01.10 00.67 00.46 
#onoff#cal 3  38850.94 0 0 34.60 42.10 72.50  00.49 00.30 00.50 
#onoff#cal 3  38850.94 0 0 63.00  00.00 
#onoff#sefd              270.68 69.45 0.00  0.00   0.00  0.00  
#onoff#sefd              270.68 69.45 0.00  0.00   0.00  0.00  
#onoff#sefd              270.68 69.45 0.00  0.00   0.00  0.00  
#onoff#sefd              270.68 69.45 0.00   0.00  
#onoff#fluxsrc  azel     270.68 69.45 0.00  0.00   0.00  0.00  
#onoff#fluxsrc  azel     270.68 69.45 0.00  -0.33  0.00  0.47  
#onoff#fluxsrc  azel     270.68 69.45 -0.33 0.00   0.47  0.00  
#onoff#fluxsrc  azel     270.68 69.45 0.00   0.00  
