#crossscan#source gal        211205.0 +481936.3 0000.0 2025.356.22:23:25
#crossscan#site   uclo     -0.2500  51.6133  3.00 xxxx 0  0.00  0.00
#crossscan#crossscan  hor 0.1 0.01 10 if
#crossscan#lon  1/10 80623.47 -0.1  0.0 00469.1 00025.2 081.7 004.4
#crossscan#lon  2/10 80641.61  0.0  0.0 00469.3 00025.2 081.7 004.4
#crossscan#lon  3/10 80660.42  0.0  0.0 00469.8 00025.2 081.8 004.4
#crossscan#lon  4/10 80678.97  0.0  0.0 00470.1 00025.2 081.8 004.4
#crossscan#lon  5/10 80697.04  0.0  0.0 00470.3 00025.2 081.9 004.4
#crossscan#lon  6/10 80715.59  0.0  0.0 00470.6 00025.2 081.9 004.4
#crossscan#lon  7/10 80733.89  0.0  0.0 00470.9 00025.2 082.0 004.4
#crossscan#lon  8/10 80752.47  0.0  0.0 00471.2 00025.2 082.0 004.4
#crossscan#lon  9/10 80770.93  0.0  0.0 00471.6 00025.2 082.1 004.4
#crossscan#lon 10/10 80789.42  0.0  0.0 00471.6 00025.2 082.1 004.4
#crossscan#lat  1/10 80809.02  0.0 -0.1 00472.9 00025.3 082.3 004.4
#crossscan#lat  2/10 80827.37  0.0  0.0 00473.5 00025.3 082.4 004.4
#crossscan#lat  3/10 80845.98  0.0  0.0 00473.2 00025.3 082.4 004.4
#crossscan#lat  4/10 80864.97  0.0  0.0 00473.3 00025.2 082.4 004.4
#crossscan#lat  5/10 80883.54  0.0  0.0 00473.4 00025.3 082.4 004.4
#crossscan#lat  6/10 80901.97  0.0  0.0 00472.9 00025.3 082.3 004.4
#crossscan#lat  7/10 80920.94  0.0  0.0 00473.0 00025.3 082.3 004.4
#crossscan#lat  8/10 80939.54  0.0  0.0 00473.3 00025.4 082.4 004.4
#crossscan#lat  9/10 80958.02  0.0  0.0 00473.6 00025.2 082.4 004.4
#crossscan#lat 10/10 80976.81  0.0  0.0 00473.9 00025.3 082.5 004.4
