#onoff#source gal        002553.7 +624351.3 0000.0 2026.014.16:18:23
#onoff#site   uclo     -0.2500  51.6133  3.00 xxxx 0  0.00  0.00
#onoff#onoff  3 10 1u 2u 3 60 10 10 0.0704 0.0704 1 1
#onoff#origin 0.0000 0.0000 0.0000 0.0000 0.0000 0.0000
#onoff#on  1  58707.76 0 0   208.20   610.40   858.10   03.49  01.11  02.91 
#onoff#on  1  58707.76 0 0   889.90   681.20   211.30   02.47  00.87  00.46 
#onoff#on  1  58707.76 0 0   140.10    51.00    12.00   00.30  00.00  00.00 
#onoff#on  1  58707.76 0 0    30.00    67.30    55.50   00.00  00.46  00.50 
#onoff#on  1  58707.76 0 0    10.00    09.00    08.00   00.00  00.00  00.00 
#onoff#on  1  58707.77 0 0    05.00   00.00 
#onoff#off 1  58727.98 0 0 207.10 619.10 858.80  01.30 01.37 05.84 
#onoff#off 1  58727.98 0 0 884.40 680.00 210.70  02.97 01.48 00.78 
#onoff#off 1  58727.98 0 0 140.10 51.00 12.00  00.30 00.00 00.00 
#onoff#off 1  58727.98 0 0 29.90 64.80 52.70  00.30 00.87 00.46 
#onoff#off 1  58727.98 0 0 10.00 09.00 08.00  00.00 00.00 00.00 
#onoff#off 1  58727.99 0 0 05.00  00.00 
#onoff#cal 1  58733.92 0 0 207.00 618.20 854.40  01.90 01.40 02.01 
#onoff#cal 1  58733.92 0 0 884.60 679.90 211.00  01.56 01.45 00.00 
#onoff#cal 1  58733.92 0 0 140.00 50.90 12.00  00.00 00.30 00.00 
#onoff#cal 1  58733.92 0 0 29.10 64.10 52.30  00.30 00.54 00.46 
#onoff#cal 1  58733.92 0 0 10.00 09.00 08.00  00.00 00.00 00.00 
#onoff#cal 1  58733.93 0 0 05.00  00.00 
#onoff#on  2  58754.21 0 0   208.40   611.10   859.90   02.94  01.70  01.58 
#onoff#on  2  58754.22 0 0   886.30   681.50   211.20   01.90  01.63  00.40 
#onoff#on  2  58754.22 0 0   140.20    51.00    12.00   00.40  00.00  00.00 
#onoff#on  2  58754.22 0 0    30.00    68.10    56.00   00.00  00.30  00.00 
#onoff#on  2  58754.22 0 0    10.00    09.00    08.00   00.00  00.00  00.00 
#onoff#on  2  58754.22 0 0    05.00   00.00 
#onoff#off 2  58775.69 0 0 208.20 617.30 848.10  02.14 01.27 01.30 
#onoff#off 2  58775.69 0 0 878.40 678.10 211.00  01.43 01.58 00.63 
#onoff#off 2  58775.69 0 0 140.10 50.90 12.00  00.30 00.30 00.00 
#onoff#off 2  58775.69 0 0 29.00 63.00 51.90  00.00 00.00 00.30 
#onoff#off 2  58775.7  0 0 10.00 09.00 08.00  00.00 00.00 00.00 
#onoff#off 2  58775.7  0 0 05.00  00.00 
#onoff#cal 2  58781.27 0 0 207.30 618.60 851.60  02.61 02.01 02.06 
#onoff#cal 2  58781.28 0 0 879.60 679.50 211.20  03.32 01.96 00.40 
#onoff#cal 2  58781.28 0 0 140.30 51.00 12.00  00.46 00.00 00.00 
#onoff#cal 2  58781.28 0 0 29.00 62.80 51.60  00.00 00.40 00.49 
#onoff#cal 2  58781.28 0 0 10.00 09.00 08.00  00.00 00.00 00.00 
#onoff#cal 2  58781.28 0 0 05.00  00.00 
#onoff#on  3  58801.97 0 0   207.50   610.40   858.50   01.86  01.20  02.62 
#onoff#on  3  58801.97 0 0   886.50   679.90   211.00   02.87  01.76  00.45 
#onoff#on  3  58801.97 0 0   140.20    51.00    12.00   00.40  00.00  00.00 
#onoff#on  3  58801.97 0 0    30.00    67.50    55.90   00.00  00.50  00.30 
#onoff#on  3  58801.97 0 0    10.00    09.00    08.00   00.00  00.00  00.00 
#onoff#on  3  58801.98 0 0    05.00   00.00 
#onoff#off 3  58822.97 0 0 208.40 617.10 848.30  01.80 01.22 01.19 
#onoff#off 3  58822.97 0 0 876.50 679.00 211.40  02.50 01.18 00.49 
#onoff#off 3  58822.97 0 0 140.20 51.00 12.00  00.40 00.00 00.00 
#onoff#off 3  58822.97 0 0 29.00 62.00 51.00  00.00 00.00 00.00 
#onoff#off 3  58822.97 0 0 10.00 09.00 08.00  00.00 00.00 00.00 
#onoff#off 3  58822.97 0 0 05.00  00.00 
#onoff#cal 3  58828.67 0 0 207.10 617.00 848.60  02.21 01.34 02.15 
#onoff#cal 3  58828.68 0 0 877.00 678.50 211.30  01.34 01.63 00.46 
#onoff#cal 3  58828.68 0 0 140.30 51.00 12.00  00.46 00.00 00.00 
#onoff#cal 3  58828.68 0 0 29.00 62.00 51.00  00.00 00.00 00.00 
#onoff#cal 3  58828.68 0 0 10.00 09.00 08.00  00.00 00.00 00.00 
#onoff#cal 3  58828.69 0 0 05.00  00.00 
#onoff#sefd              7.02 70.63 0.00  0.00   0.00  0.00  
#onoff#sefd              7.02 70.63 0.00  0.00   0.00  0.00  
#onoff#sefd              7.02 70.63 0.00  0.00   0.00  0.00  
#onoff#sefd              7.02 70.63 0.00  0.00   0.00  0.00  
#onoff#sefd              7.02 70.63 0.00  0.00   0.00  0.00  
#onoff#sefd              7.02 70.63 0.00  0.00   0.00  0.00  
#onoff#sefd              7.02 70.63 0.00  0.00   0.00  0.00  
#onoff#sefd              7.02 70.63 0.00  0.00   0.00  0.00  
#onoff#fluxsrc  gal      7.02 70.63 0.00  0.00   0.00  0.00  
#onoff#fluxsrc  gal      7.02 70.63 0.00  0.00   0.00  0.00  
#onoff#fluxsrc  gal      7.02 70.63 0.00  0.00   0.00  0.00  
#onoff#fluxsrc  gal      7.02 70.63 0.00  -0.33  0.00  0.47  
#onoff#fluxsrc  gal      7.02 70.63 -1.00 -0.67  0.00  0.47  
#onoff#fluxsrc  gal      7.02 70.63 -0.33 -0.33  0.47  0.47  
#onoff#fluxsrc  gal      7.02 70.63 -1.00 -1.00  0.00  0.00  
#onoff#fluxsrc  gal      7.02 70.63 -1.00 -1.00  0.00  0.00  
