#onoff#source taua       053439.0 +220042.3 0000.0 2026.015.19:57:18
#onoff#site   uclo     -0.2500  51.6133  3.00 xxxx 0  0.00  0.00
#onoff#onoff  2 17 2u 3u 3 60 10 10 0.0704 0.0704 1 1
#onoff#origin 0.0000 0.0000 0.0000 0.0000 0.0000 0.0000
#onoff#on  1  71848.32 0 0  1009.35   788.82   836.88   03.55  01.95  02.05 
#onoff#on  1  71848.33 0 0  1362.82    43.00    56.35   04.30  00.00  00.48 
#onoff#on  1  71848.33 0 0    49.06   00.24 
#onoff#off 1  71874.8  0 0 1004.47 780.88 834.29  03.60 01.78 01.87 
#onoff#off 1  71874.8  0 0 1361.00 41.12 55.00  05.56 00.32 00.00 
#onoff#off 1  71874.81 0 0 48.12  00.32 
#onoff#cal 1  71884.88 0 0 1005.82 781.24 832.76  03.09 01.44 02.10 
#onoff#cal 1  71884.88 0 0 1361.82 41.06 54.88  04.62 00.24 00.32 
#onoff#cal 1  71884.88 0 0 48.00  00.00 
#onoff#on  2  71910.86 0 0  1013.24   792.71   840.41   03.61  02.16  01.68 
#onoff#on  2  71910.86 0 0  1366.41    42.65    56.00   03.66  00.48  00.00 
#onoff#on  2  71910.87 0 0    49.06   00.24 
#onoff#off 2  71936.76 0 0 1010.59 784.76 835.35  03.34 02.04 02.03 
#onoff#off 2  71936.76 0 0 1362.94 41.06 55.00  03.19 00.24 00.00 
#onoff#off 2  71936.76 0 0 48.00  00.00 
#onoff#cal 2  71946.92 0 0 1009.35 784.59 835.47  03.55 01.65 02.06 
#onoff#cal 2  71946.92 0 0 1362.29 41.00 55.00  03.56 00.00 00.00 
#onoff#cal 2  71946.92 0 0 48.00  00.00 
#onoff#sefd              117.88 51.71 0.00  0.00   0.00  0.00  
#onoff#sefd              117.88 51.71 0.00  0.00   0.00  0.00  
#onoff#sefd              117.88 51.71 0.00  0.00   0.00  0.00  
#onoff#sefd              117.88 51.71 0.00   0.00  
#onoff#fluxsrc  taua     117.88 51.71 0.00  0.00   0.00  0.00  
#onoff#fluxsrc  taua     117.88 51.71 0.00  0.00   0.00  0.00  
#onoff#fluxsrc  taua     117.88 51.71 0.00  -0.50  0.00  0.50  
#onoff#fluxsrc  taua     117.88 51.71 -0.50  0.50  
