#crossscan#source taua       053435.2 +220107.2 0000.0 2026.015.16:49:09
#crossscan#site   uclo     -0.2500  51.6133  3.00 xxxx 0  0.00  0.00
#crossscan#crossscan  hor 2 0.5 5 bbcs
#crossscan#lon  1/ 4 60567.45 -1.0  0.0 28757.6 53266.3 7191.5 13326.0
#crossscan#lon  2/ 4 60582.2  -0.5  0.0 28818.7 53297.6 7206.8 13330.2
#crossscan#lon  3/ 4 60597.08  0.0  0.0 28819.1 53153.8 7205.8 13291.1
#crossscan#lon  4/ 4 60611.51  0.5  0.0 28848.1 53181.9 7212.9 13297.0
#crossscan#lat  1/ 4 60626.45  0.0 -1.0 28799.1 53392.7 7201.0 13350.2
#crossscan#lat  2/ 4 60640.07  0.0 -0.5 28795.6 53323.7 7199.9 13334.8
#crossscan#lat  3/ 4 60653.34  0.0  0.0 28794.3 53152.6 7200.5 13290.6
#crossscan#lat  4/ 4 60666.14  0.0  0.5 28931.6 52927.4 7234.3 13232.8
