#onoff#source taua       053435.4 +220101.5 0000.0 2026.015.20:05:55
#onoff#site   uclo     -0.2500  51.6133  3.00 xxxx 0  0.00  0.00
#onoff#onoff  2 17 2u 3u 3 60 10 10 0.0704 0.0704 1 1
#onoff#origin 0.0000 0.0000 0.0000 0.0000 0.0000 0.0000
#onoff#on  1  72364.43 0 0 25354.88 19909.29 20990.59   88.83  33.30  52.25 
#onoff#on  1  72364.43 0 0 34263.06 27232.00 36057.53  123.93 123.65 105.73 
#onoff#on  1  72364.43 0 0 30959.65   99.02 
#onoff#off 1  72391.86 0 0 25408.06 19683.94 20903.71  89.03 48.06 55.48 
#onoff#off 1  72391.86 0 0 34222.41 25806.94 34450.41  130.64 70.15 75.67 
#onoff#off 1  72391.86 0 0 30429.65  86.31 
#onoff#cal 1  72401.92 0 0 25413.82 19700.24 20909.59  84.63 49.51 54.79 
#onoff#cal 1  72401.92 0 0 34277.06 25897.47 34585.24  117.44 122.92 115.47 
#onoff#cal 1  72401.92 0 0 30574.88  152.95 
#onoff#on  2  72427.84 0 0 25446.35 19978.65 21052.59  100.54  57.92  51.02 
#onoff#on  2  72427.85 0 0 34268.47 27349.65 36199.53  114.57 130.40 183.24 
#onoff#on  2  72427.85 0 0 31226.59  104.44 
#onoff#off 2  72455.16 0 0 25285.94 19641.59 20817.29  78.04 48.45 37.34 
#onoff#off 2  72455.16 0 0 34231.41 25951.76 34411.59  172.25 136.81 49.59 
#onoff#off 2  72455.16 0 0 30386.76  86.62 
#onoff#cal 2  72465.33 0 0 25342.00 19657.65 20838.71  67.94 41.03 32.83 
#onoff#cal 2  72465.33 0 0 34218.12 25882.35 34453.88  115.17 72.74 98.46 
#onoff#cal 2  72465.33 0 0 30385.24  57.80 
#onoff#sefd              120.42 52.87 0.00  0.00   0.00  0.00  
#onoff#sefd              120.42 52.87 0.00  0.00   0.00  0.00  
#onoff#sefd              120.42 52.87 0.00  0.00   0.00  0.00  
#onoff#sefd              120.42 52.87 0.00   0.00  
#onoff#fluxsrc  taua     120.42 52.87 0.00  0.00   0.00  0.00  
#onoff#fluxsrc  taua     120.42 52.87 0.00  0.00   0.00  0.00  
#onoff#fluxsrc  taua     120.42 52.87 0.00  0.00   0.00  0.00  
#onoff#fluxsrc  taua     120.42 52.87 0.00   0.00  
