#onoff#source taua       053438.4 +220029.9 0000.0 2026.015.20:52:22
#onoff#site   uclo     -0.2500  51.6133  3.00 xxxx 0  0.00  0.00
#onoff#onoff  10 33 2u 3u 0 60 10 10 0.0704 0.0704 1 1
#onoff#origin 0.0000 0.0000 0.0000 0.0000 0.0000 0.0000
#onoff#on  1  75160.89 0 0 25921.00 20823.79 21906.97   77.88  34.96  46.87 
#onoff#on  1  75160.9  0 0 34652.85 30871.39 41014.64  122.50 139.94 126.38 
#onoff#on  1  75160.9  0 0 34964.36  178.44 
#onoff#off 1  75189.37 0 0 25813.97 20673.27 21854.09  81.43 60.14 60.84 
#onoff#off 1  75189.37 0 0 34651.18 29810.70 40002.61  139.62 204.17 326.98 
#onoff#off 1  75189.38 0 0 34796.73  180.59 
#onoff#cal 1  75208.11 0 0 25799.76 20669.39 21842.55  82.00 57.82 41.60 
#onoff#cal 1  75208.12 0 0 34603.82 29883.24 40034.55  124.32 221.52 229.79 
#onoff#cal 1  75208.12 0 0 34874.73  217.49 
#onoff#on  2  75227.14 0 0 25842.03 20715.79 21859.79   81.07  50.81  61.24 
#onoff#on  2  75227.14 0 0 34643.21 30236.15 40375.42  121.21 142.12 225.12 
#onoff#on  2  75227.14 0 0 34885.27  309.30 
#onoff#off 2  75245.94 0 0 25862.73 20755.91 21822.24  74.30 41.27 46.40 
#onoff#off 2  75245.94 0 0 34626.21 30199.24 40230.21  112.97 191.41 166.27 
#onoff#off 2  75245.94 0 0 34836.06  153.30 
#onoff#cal 2  75264.85 0 0 25873.55 20781.24 21853.48  71.61 130.53 56.06 
#onoff#cal 2  75264.85 0 0 34639.76 30419.48 40675.09  128.31 279.79 566.06 
#onoff#cal 2  75264.85 0 0 34920.21  207.88 
#onoff#on  3  75284.13 0 0 25873.88 20762.36 21880.39   82.09  55.85  50.37 
#onoff#on  3  75284.13 0 0 34645.61 30603.21 40651.39  133.40 203.51 249.42 
#onoff#on  3  75284.13 0 0 34900.88  176.07 
#onoff#off 3  75302.92 0 0 25875.24 20778.12 21878.06  95.92 104.63 65.15 
#onoff#off 3  75302.92 0 0 34649.97 30220.79 40481.52  105.02 284.95 330.90 
#onoff#off 3  75302.92 0 0 35098.24  289.17 
#onoff#cal 3  75321.87 0 0 25856.88 20736.76 21848.82  88.41 45.11 46.62 
#onoff#cal 3  75321.87 0 0 34647.27 30325.76 40302.97  129.09 256.63 304.59 
#onoff#cal 3  75321.87 0 0 34802.82  265.66 
#onoff#on  4  75341.31 0 0 25892.30 20820.61 21914.67  117.25 110.97 121.41 
#onoff#on  4  75341.31 0 0 34689.70 30970.45 40828.45  119.11 501.60 550.63 
#onoff#on  4  75341.31 0 0 34895.73  490.91 
#onoff#off 4  75360.32 0 0 25879.21 20814.33 21871.94  67.92 58.61 47.99 
#onoff#off 4  75360.33 0 0 34656.18 30745.52 40485.42  129.99 245.80 260.90 
#onoff#off 4  75360.33 0 0 34699.36  164.86 
#onoff#cal 4  75379.14 0 0 25884.00 20783.36 21836.82  90.81 53.02 57.12 
#onoff#cal 4  75379.14 0 0 34676.09 30706.27 40428.58  148.81 263.58 245.33 
#onoff#cal 4  75379.15 0 0 34534.55  159.09 
#onoff#on  5  75398.45 0 0 25838.09 20760.15 21830.18   88.16  39.84  43.85 
#onoff#on  5  75398.46 0 0 34678.61 30706.45 40421.33  111.85 170.18 223.23 
#onoff#on  5  75398.46 0 0 34431.76  141.44 
#onoff#off 5  75417.37 0 0 25831.94 20765.64 21857.24  74.17 48.98 66.22 
#onoff#off 5  75417.37 0 0 34695.09 30792.61 40430.15  147.03 119.81 195.43 
#onoff#off 5  75417.37 0 0 34430.88  222.44 
#onoff#cal 5  75436.12 0 0 25929.48 20826.06 21898.33  194.50 89.90 77.72 
#onoff#cal 5  75436.13 0 0 34671.97 31272.39 40627.76  161.39 931.65 368.40 
#onoff#cal 5  75436.13 0 0 34538.79  338.44 
#onoff#on  6  75455.41 0 0 25873.91 20760.76 21825.91   91.01  44.35  57.70 
#onoff#on  6  75455.42 0 0 34667.61 30731.97 40271.61  151.16 195.71 257.57 
#onoff#on  6  75455.42 0 0 34199.97  213.45 
#onoff#off 6  75474.32 0 0 25872.67 20791.00 21822.88  82.57 46.25 46.79 
#onoff#off 6  75474.32 0 0 34658.33 30717.24 40206.27  113.80 143.44 181.26 
#onoff#off 6  75474.32 0 0 34183.55  139.99 
#onoff#cal 6  75493.34 0 0 25890.67 20761.24 21814.79  75.25 46.57 57.83 
#onoff#cal 6  75493.34 0 0 34659.82 30617.09 40081.94  134.05 145.99 187.28 
#onoff#cal 6  75493.34 0 0 34039.21  142.83 
#onoff#on  7  75512.84 0 0 25893.33 20781.24 21788.97   80.37  45.50  45.22 
#onoff#on  7  75512.84 0 0 34640.27 30479.39 39766.15  129.79 185.24 185.55 
#onoff#on  7  75512.84 0 0 33937.15  138.75 
#onoff#off 7  75531.61 0 0 25934.79 20813.42 21804.42  101.96 48.49 51.94 
#onoff#off 7  75531.62 0 0 34655.88 30812.91 39973.09  128.34 354.11 178.66 
#onoff#off 7  75531.62 0 0 33868.70  98.77 
#onoff#cal 7  75550.13 0 0 25983.00 20815.36 21823.52  205.56 81.04 63.96 
#onoff#cal 7  75550.13 0 0 34660.94 31147.39 39963.30  156.48 1250.29 333.23 
#onoff#cal 7  75550.13 0 0 33931.24  209.79 
#onoff#on  8  75569.59 0 0 25941.94 20792.09 21788.30   89.62  47.76  53.70 
#onoff#on  8  75569.6  0 0 34666.91 30272.97 39607.58  111.68 188.56 175.51 
#onoff#on  8  75569.6  0 0 33822.73  144.30 
#onoff#off 8  75588.8  0 0 25937.97 20790.12 21814.21  86.10 48.53 51.75 
#onoff#off 8  75588.8  0 0 34695.61 30542.88 39774.00  120.24 199.94 201.28 
#onoff#off 8  75588.8  0 0 33775.85  108.38 
#onoff#cal 8  75607.91 0 0 25939.70 20813.97 21790.00  81.93 47.58 52.65 
#onoff#cal 8  75607.91 0 0 34697.12 30237.73 39469.12  108.63 199.37 197.94 
#onoff#cal 8  75607.91 0 0 33729.24  171.33 
#onoff#on  9  75627.41 0 0 25927.91 20764.27 21758.67   87.94  42.07  50.76 
#onoff#on  9  75627.42 0 0 34665.67 30207.70 39300.76  125.68 147.36 117.01 
#onoff#on  9  75627.42 0 0 33541.00  108.32 
#onoff#off 9  75646.42 0 0 25942.12 20779.12 21775.97  78.31 47.50 45.57 
#onoff#off 9  75646.42 0 0 34687.21 30100.85 39300.97  94.28 168.12 151.51 
#onoff#off 9  75646.42 0 0 33519.09  127.40 
#onoff#cal 9  75664.98 0 0 25931.39 20852.06 21826.97  106.69 97.60 79.14 
#onoff#cal 9  75664.98 0 0 34675.42 30040.39 39312.06  104.53 260.35 353.68 
#onoff#cal 9  75664.99 0 0 33657.33  422.53 
#onoff#on  10 75684.38 0 0 25940.52 20785.61 21807.33   76.25  50.60  52.41 
#onoff#on  10 75684.38 0 0 34724.97 30063.73 39143.45  133.14 216.30 170.84 
#onoff#on  10 75684.38 0 0 33466.27  167.16 
#onoff#off 10 75703.34 0 0 25899.21 20789.00 21813.12  77.17 47.89 44.01 
#onoff#off 10 75703.35 0 0 34686.42 30108.76 38965.58  95.05 113.77 100.43 
#onoff#off 10 75703.35 0 0 33315.52  71.06 
#onoff#cal 10 75722.11 0 0 25935.24 20788.58 21828.21  91.37 39.90 35.67 
#onoff#cal 10 75722.11 0 0 34687.82 30020.00 38928.42  107.62 177.07 130.47 
#onoff#cal 10 75722.11 0 0 33319.03  118.25 
#onoff#sefd              154.69 58.51 0.00  0.00   0.00  0.00  
#onoff#sefd              154.69 58.51 0.00  0.00   0.00  0.00  
#onoff#sefd              154.69 58.51 0.00  0.00   0.00  0.00  
#onoff#sefd              154.69 58.51 0.00   0.00  
#onoff#fluxsrc  taua     154.69 58.51 0.00  0.00   0.00  0.00  
#onoff#fluxsrc  taua     154.69 58.51 0.00  0.00   0.00  0.00  
#onoff#fluxsrc  taua     154.69 58.51 0.00  0.00   0.00  0.00  
#onoff#fluxsrc  taua     154.69 58.51 0.00   0.00  
