#onoff#source taua       053436.8 +220029.2 0000.0 2026.015.20:10:12
#onoff#site   uclo     -0.2500  51.6133  3.00 xxxx 0  0.00  0.00
#onoff#onoff  10 33 2u 3u 3 60 10 10 0.0704 0.0704 1 1
#onoff#origin 0.0000 0.0000 0.0000 0.0000 0.0000 0.0000
#onoff#on  1  72630.13 0 0 25320.03 19826.61 20961.73   73.70  52.35  42.20 
#onoff#on  1  72630.13 0 0 34260.67 26908.55 35635.64  128.71 103.68  78.45 
#onoff#on  1  72630.14 0 0 30522.24   83.08 
#onoff#off 1  72665.9  0 0 25472.18 19760.94 20902.03  205.53 145.98 112.67 
#onoff#off 1  72665.9  0 0 34229.36 26029.09 34386.12  127.25 648.53 347.20 
#onoff#off 1  72665.9  0 0 30471.58  201.58 
#onoff#cal 1  72684.73 0 0 25387.03 19723.97 20863.85  67.98 41.07 43.78 
#onoff#cal 1  72684.73 0 0 34249.91 25773.55 34244.91  108.82 75.97 77.80 
#onoff#cal 1  72684.73 0 0 30407.70  77.32 
#onoff#on  2  72719.85 0 0 25490.73 19934.45 21041.79   79.29  52.17  53.72 
#onoff#on  2  72719.85 0 0 34304.94 27037.85 35913.61  129.56 149.08 236.22 
#onoff#on  2  72719.85 0 0 30799.33  164.65 
#onoff#off 2  72755.37 0 0 25368.03 19708.73 20847.30  86.09 51.52 52.75 
#onoff#off 2  72755.37 0 0 34247.21 25751.85 34156.24  118.55 125.06 107.46 
#onoff#off 2  72755.37 0 0 30296.70  73.43 
#onoff#cal 2  72774.33 0 0 25345.79 19690.58 20840.52  82.23 51.01 79.15 
#onoff#cal 2  72774.33 0 0 34274.82 25816.45 34245.42  88.21 137.51 248.17 
#onoff#cal 2  72774.33 0 0 30424.42  337.29 
#onoff#on  3  72809.32 0 0 25437.15 19884.55 21017.18   88.46  55.29  45.20 
#onoff#on  3  72809.32 0 0 34277.12 26908.06 35697.06  139.70  85.40 109.58 
#onoff#on  3  72809.32 0 0 30587.09   92.55 
#onoff#off 3  72845.37 0 0 25292.82 19670.88 20831.67  112.18 50.27 65.72 
#onoff#off 3  72845.38 0 0 34265.58 25732.24 34051.12  116.07 79.86 129.95 
#onoff#off 3  72845.38 0 0 30216.94  85.74 
#onoff#cal 3  72864.39 0 0 25307.24 19685.48 20818.64  83.79 83.78 63.39 
#onoff#cal 3  72864.39 0 0 34244.67 25815.15 34160.18  110.83 179.80 231.68 
#onoff#cal 3  72864.4  0 0 30268.42  176.57 
#onoff#on  4  72899.38 0 0 25396.76 19865.33 21003.61   75.84  44.88  35.75 
#onoff#on  4  72899.38 0 0 34324.82 26815.12 35569.30  119.96 145.51 130.90 
#onoff#on  4  72899.38 0 0 30491.91   72.55 
#onoff#off 4  72934.41 0 0 25237.52 19674.76 20779.94  74.85 57.67 44.88 
#onoff#off 4  72934.41 0 0 34234.55 25699.70 34032.24  133.93 92.80 89.60 
#onoff#off 4  72934.41 0 0 30229.79  112.51 
#onoff#cal 4  72953.15 0 0 25254.15 19683.67 20786.79  84.61 63.82 62.79 
#onoff#cal 4  72953.15 0 0 34245.76 25720.97 34125.48  155.90 188.96 243.42 
#onoff#cal 4  72953.15 0 0 30286.85  220.22 
#onoff#on  5  72987.33 0 0 25365.30 19863.09 21028.52  100.56  47.57  40.48 
#onoff#on  5  72987.33 0 0 34279.33 26704.58 35498.61  111.56 102.25 107.48 
#onoff#on  5  72987.33 0 0 30521.67   94.78 
#onoff#off 5  73023.45 0 0 25215.79 19648.67 20816.52  71.93 47.18 41.09 
#onoff#off 5  73023.45 0 0 34286.18 25717.85 34053.24  118.98 88.28 80.90 
#onoff#off 5  73023.45 0 0 30256.58  98.60 
#onoff#cal 5  73042.32 0 0 25215.61 19663.82 20842.33  75.65 50.53 50.68 
#onoff#cal 5  73042.32 0 0 34298.30 25673.42 34021.42  107.12 95.35 84.64 
#onoff#cal 5  73042.32 0 0 30248.39  79.40 
#onoff#on  6  73077.84 0 0 25333.00 19883.85 20998.18   90.71  52.83  48.86 
#onoff#on  6  73077.84 0 0 34283.85 26574.27 35283.18  128.65 165.50 203.16 
#onoff#on  6  73077.84 0 0 30508.27  123.14 
#onoff#off 6  73113.37 0 0 25242.97 19634.85 20869.36  84.84 57.44 51.55 
#onoff#off 6  73113.38 0 0 34287.55 25743.82 34100.09  134.77 155.28 184.87 
#onoff#off 6  73113.38 0 0 30264.91  136.77 
#onoff#cal 6  73132.32 0 0 25226.21 19651.36 20847.64  83.44 68.02 60.88 
#onoff#cal 6  73132.32 0 0 34265.09 25734.27 34090.61  129.15 97.75 102.53 
#onoff#cal 6  73132.32 0 0 30268.12  87.20 
#onoff#on  7  73167.94 0 0 25393.39 19876.00 21051.36   91.94  31.37  50.72 
#onoff#on  7  73167.94 0 0 34331.73 26569.55 35272.58  120.64 143.11  88.04 
#onoff#on  7  73167.94 0 0 30597.18  123.35 
#onoff#off 7  73204.4  0 0 25248.45 19694.45 20887.09  74.03 65.23 63.49 
#onoff#off 7  73204.4  0 0 34294.00 25693.61 34106.39  116.69 116.53 209.09 
#onoff#off 7  73204.4  0 0 30241.36  176.58 
#onoff#cal 7  73223.59 0 0 25225.18 19655.36 20866.39  79.03 43.72 41.92 
#onoff#cal 7  73223.59 0 0 34294.36 25666.91 34019.61  106.59 85.48 73.44 
#onoff#cal 7  73223.59 0 0 30123.33  68.44 
#onoff#on  8  73259.41 0 0 25401.48 19916.67 21043.61   64.12  49.59  39.16 
#onoff#on  8  73259.41 0 0 34373.58 26525.21 35237.88  120.02  77.23  83.84 
#onoff#on  8  73259.41 0 0 30762.76   95.92 
#onoff#off 8  73296.59 0 0 25224.94 19670.06 20883.21  81.37 51.10 70.28 
#onoff#off 8  73296.59 0 0 34317.79 25690.33 34101.15  128.75 69.30 95.00 
#onoff#off 8  73296.6  0 0 30195.06  116.15 
#onoff#cal 8  73315.87 0 0 25208.97 19648.88 20872.45  72.84 50.91 46.64 
#onoff#cal 8  73315.88 0 0 34273.52 25659.36 34075.76  136.58 90.25 62.59 
#onoff#cal 8  73315.88 0 0 30109.91  93.02 
#onoff#on  9  73350.82 0 0 25367.48 19931.70 21087.79   68.53  53.10  77.13 
#onoff#on  9  73350.82 0 0 34358.58 26710.21 35676.33   80.44 227.26 217.94 
#onoff#on  9  73350.82 0 0 31181.55  177.40 
#onoff#off 9  73386.86 0 0 25223.94 19654.94 20879.73  80.72 44.47 44.26 
#onoff#off 9  73386.86 0 0 34305.70 25717.79 34125.27  117.13 130.00 87.24 
#onoff#off 9  73386.86 0 0 30160.33  99.11 
#onoff#cal 9  73405.97 0 0 25195.70 19670.58 20938.00  64.50 39.34 47.30 
#onoff#cal 9  73405.97 0 0 34324.30 25704.82 34095.30  99.07 98.49 97.44 
#onoff#cal 9  73405.97 0 0 30187.61  103.39 
#onoff#on  10 73441.16 0 0 25364.12 19974.00 21116.91   99.66  55.94  47.17 
#onoff#on  10 73441.17 0 0 34363.48 26994.36 36085.79  123.56 138.88 189.94 
#onoff#on  10 73441.17 0 0 31448.97  144.75 
#onoff#off 10 73477.58 0 0 25212.36 19638.45 20909.27  96.05 44.41 44.46 
#onoff#off 10 73477.58 0 0 34346.85 25710.09 34132.45  139.96 102.41 79.11 
#onoff#off 10 73477.58 0 0 30155.39  81.88 
#onoff#cal 10 73496.85 0 0 25222.42 19670.15 20925.33  80.72 54.59 48.98 
#onoff#cal 10 73496.85 0 0 34323.36 25777.52 34260.67  116.70 133.20 256.66 
#onoff#cal 10 73496.85 0 0 30164.09  186.01 
#onoff#sefd              125.72 55.05 0.00  0.00   0.00  0.00  
#onoff#sefd              125.72 55.05 0.00  0.00   0.00  0.00  
#onoff#sefd              125.72 55.05 0.00  0.00   0.00  0.00  
#onoff#sefd              125.72 55.05 0.00   0.00  
#onoff#fluxsrc  taua     125.72 55.05 0.00  0.00   0.00  0.00  
#onoff#fluxsrc  taua     125.72 55.05 0.00  0.00   0.00  0.00  
#onoff#fluxsrc  taua     125.72 55.05 0.00  0.00   0.00  0.00  
#onoff#fluxsrc  taua     125.72 55.05 0.00   0.00  
