#onoff#source gal        050218.3 +163042.4 0000.0 2026.015.21:33:43
#onoff#site   uclo     -0.2500  51.6133  3.00 xxxx 0  0.00  0.00
#onoff#onoff  10 33 2u 3u 0 60 10 10 0.0704 0.0704 1 1
#onoff#origin 0.0000 0.0000 0.0000 0.0000 0.0000 0.0000
#onoff#on  1  77642.35 0 0 25403.03 20379.94 21702.73   84.38  45.03  46.84 
#onoff#on  1  77642.35 0 0 34816.58 27692.91 36197.18   82.38  73.60  70.49 
#onoff#on  1  77642.35 0 0 31640.12   81.48 
#onoff#off 1  77661.87 0 0 25374.97 20381.52 21675.15  88.58 51.05 43.36 
#onoff#off 1  77661.88 0 0 34797.00 27705.06 36225.67  90.09 84.33 96.62 
#onoff#off 1  77661.88 0 0 31655.12  105.09 
#onoff#cal 1  77681.15 0 0 25350.79 20357.70 21648.03  91.84 61.15 45.53 
#onoff#cal 1  77681.16 0 0 34797.42 27738.09 36300.64  165.77 113.23 76.02 
#onoff#cal 1  77681.16 0 0 31675.21  84.83 
#onoff#on  2  77700.96 0 0 25381.82 20360.94 21658.52   72.61  46.09  42.31 
#onoff#on  2  77700.97 0 0 34789.61 27720.88 36403.27  137.66 122.68  94.37 
#onoff#on  2  77700.97 0 0 31713.42   85.04 
#onoff#off 2  77720.42 0 0 25373.12 20347.88 21678.18  79.81 53.14 53.29 
#onoff#off 2  77720.42 0 0 34820.27 27823.85 36421.36  115.88 110.75 149.59 
#onoff#off 2  77720.42 0 0 31740.18  139.49 
#onoff#cal 2  77739.88 0 0 25338.85 20343.03 21655.27  62.11 45.12 40.84 
#onoff#cal 2  77739.88 0 0 34789.82 27847.33 36425.85  127.04 113.16 77.63 
#onoff#cal 2  77739.88 0 0 31740.33  70.45 
#onoff#on  3  77759.83 0 0 25405.70 20394.76 21650.36  100.19  56.51  51.44 
#onoff#on  3  77759.83 0 0 34792.85 27827.33 36450.97  127.52 124.98  96.75 
#onoff#on  3  77759.83 0 0 31696.33  106.69 
#onoff#off 3  77779.43 0 0 25348.82 20388.03 21643.39  92.66 42.78 41.05 
#onoff#off 3  77779.43 0 0 34860.79 27841.12 36492.67  124.64 108.94 99.82 
#onoff#off 3  77779.43 0 0 31716.82  84.53 
#onoff#cal 3  77798.8  0 0 25573.27 20742.45 21998.30  587.54 1015.92 922.74 
#onoff#cal 3  77798.8  0 0 34879.33 28988.52 37917.36  234.64 2627.30 3142.55 
#onoff#cal 3  77798.8  0 0 32742.88  2021.81 
#onoff#on  4  77818.88 0 0 25343.42 20347.91 21624.15   66.46  47.74  46.79 
#onoff#on  4  77818.88 0 0 34782.06 27978.70 36564.30  119.05 120.77  77.37 
#onoff#on  4  77818.89 0 0 31774.03   66.94 
#onoff#off 4  77838.33 0 0 25355.85 20347.52 21615.06  85.01 48.71 46.66 
#onoff#off 4  77838.33 0 0 34829.15 27944.55 36544.18  111.52 102.61 118.67 
#onoff#off 4  77838.33 0 0 31787.85  94.31 
#onoff#cal 4  77857.81 0 0 25360.48 20366.15 21630.33  100.57 94.49 67.82 
#onoff#cal 4  77857.81 0 0 34818.82 28050.45 36702.48  125.80 214.22 222.04 
#onoff#cal 4  77857.81 0 0 31886.52  195.95 
#onoff#on  5  77877.85 0 0 25335.64 20356.48 21608.36   75.11  47.18  59.65 
#onoff#on  5  77877.86 0 0 34844.76 28090.48 36654.18  103.85 102.42 154.10 
#onoff#on  5  77877.86 0 0 31847.36  126.33 
#onoff#off 5  77897.41 0 0 25349.03 20379.82 21602.58  76.27 40.53 33.61 
#onoff#off 5  77897.42 0 0 34834.21 28073.21 36668.82  118.64 116.60 99.13 
#onoff#off 5  77897.42 0 0 31837.00  102.78 
#onoff#cal 5  77916.86 0 0 25317.64 20364.61 21593.45  72.70 32.06 47.56 
#onoff#cal 5  77916.87 0 0 34799.21 28090.12 36701.00  120.06 101.36 102.01 
#onoff#cal 5  77916.87 0 0 31843.91  133.09 
#onoff#on  6  77936.96 0 0 25331.73 20383.24 21598.79   85.50  44.49  38.81 
#onoff#on  6  77936.96 0 0 34813.70 28144.18 36770.58  101.68 102.23  77.47 
#onoff#on  6  77936.96 0 0 31853.21   77.92 
#onoff#off 6  77956.43 0 0 25329.15 20377.88 21605.09  74.49 35.19 39.42 
#onoff#off 6  77956.43 0 0 34892.70 28204.85 36789.45  136.66 104.88 68.26 
#onoff#off 6  77956.43 0 0 31867.85  73.37 
#onoff#cal 6  77975.88 0 0 25340.21 20380.85 21603.06  76.94 42.24 47.10 
#onoff#cal 6  77975.88 0 0 34876.58 28276.48 36828.00  133.09 121.25 127.85 
#onoff#cal 6  77975.88 0 0 31924.64  167.45 
#onoff#on  7  77995.95 0 0 25357.82 20412.67 21614.85   88.49  55.44  63.18 
#onoff#on  7  77995.95 0 0 34829.00 28228.42 36934.91  122.83 129.34 201.03 
#onoff#on  7  77995.96 0 0 31929.64  130.52 
#onoff#off 7  78015.48 0 0 25373.24 20429.15 21624.61  104.57 97.49 59.29 
#onoff#off 7  78015.48 0 0 34831.39 28295.00 37008.91  127.17 215.83 527.35 
#onoff#off 7  78015.48 0 0 31940.97  334.91 
#onoff#cal 7  78034.99 0 0 25362.82 20403.09 21620.76  55.59 53.97 49.66 
#onoff#cal 7  78034.99 0 0 34832.52 28357.39 36990.12  119.93 103.33 90.40 
#onoff#cal 7  78034.99 0 0 31911.94  77.56 
#onoff#on  8  78054.91 0 0 25351.42 20411.64 21619.85   75.14  63.11  54.29 
#onoff#on  8  78054.91 0 0 34843.21 28375.94 37093.27  127.86 123.61 143.76 
#onoff#on  8  78054.91 0 0 31975.64  135.61 
#onoff#off 8  78074.42 0 0 25368.24 20406.88 21602.09  84.15 40.51 43.12 
#onoff#off 8  78074.42 0 0 34846.64 28432.03 37011.70  129.44 96.52 79.18 
#onoff#off 8  78074.42 0 0 31909.73  73.29 
#onoff#cal 8  78093.88 0 0 25342.97 20431.42 21624.36  99.65 78.91 65.07 
#onoff#cal 8  78093.88 0 0 34861.55 28532.48 37152.27  110.10 172.54 182.62 
#onoff#cal 8  78093.88 0 0 31979.67  154.69 
#onoff#on  9  78113.94 0 0 25364.67 20418.82 21608.52   70.82  43.33  52.91 
#onoff#on  9  78113.94 0 0 34869.82 28591.61 37148.39   91.78 106.64 115.10 
#onoff#on  9  78113.94 0 0 31995.27  122.51 
#onoff#off 9  78133.47 0 0 25388.45 20411.33 21611.30  92.60 46.33 51.60 
#onoff#off 9  78133.47 0 0 34866.18 28604.39 37157.97  107.19 104.57 99.31 
#onoff#off 9  78133.48 0 0 31937.76  70.72 
#onoff#cal 9  78152.94 0 0 25386.12 20445.55 21601.48  64.46 46.63 51.32 
#onoff#cal 9  78152.94 0 0 34870.88 28676.21 37327.03  98.69 146.48 145.38 
#onoff#cal 9  78152.94 0 0 31994.03  139.81 
#onoff#on  10 78172.89 0 0 25369.24 20431.12 21598.82   87.92  33.51  43.36 
#onoff#on  10 78172.89 0 0 34865.97 28672.64 37268.12  135.62  84.85  80.92 
#onoff#on  10 78172.89 0 0 31911.18   81.80 
#onoff#off 10 78192.35 0 0 25392.21 20462.61 21631.36  81.18 44.07 51.06 
#onoff#off 10 78192.35 0 0 34879.15 28705.42 37394.24  100.75 137.52 135.20 
#onoff#off 10 78192.35 0 0 31951.06  103.58 
#onoff#cal 10 78211.88 0 0 25387.09 20443.30 21628.18  92.64 43.79 36.08 
#onoff#cal 10 78211.89 0 0 34854.45 28698.79 37363.03  126.06 91.07 81.20 
#onoff#cal 10 78211.89 0 0 31897.06  84.61 
#onoff#sefd              188.79 54.64 0.00  0.00   0.00  0.00  
#onoff#sefd              188.79 54.64 0.00  0.00   0.00  0.00  
#onoff#sefd              188.79 54.64 0.00  0.00   0.00  0.00  
#onoff#sefd              188.79 54.64 0.00   0.00  
#onoff#fluxsrc  gal      188.79 54.64 0.00  0.00   0.00  0.00  
#onoff#fluxsrc  gal      188.79 54.64 0.00  0.00   0.00  0.00  
#onoff#fluxsrc  gal      188.79 54.64 0.00  0.00   0.00  0.00  
#onoff#fluxsrc  gal      188.79 54.64 0.00   0.00  
