#onoff#source sun        194920.5 -210414.4 0000.0 2026.015.11:56:26
#onoff#site   uclo     -0.2500  51.6133  3.00 xxxx 0  0.00  0.00
#onoff#onoff  2 10 1u 2u 3 60 10 10 0.0704 0.0704 1 1
#onoff#origin 0.0000 0.0000 0.0000 0.0000 0.0000 0.0000
#onoff#on  1  42990.94 0 0   221.00   807.00  1535.60   02.14  02.05  02.91 
#onoff#on  1  42990.95 0 0  1492.00   738.80   219.80   02.41  01.83  00.40 
#onoff#on  1  42990.95 0 0   146.40    54.00    13.00   00.49  00.00  00.00 
#onoff#on  1  42990.95 0 0    70.60   207.70   164.40   00.49  00.64  00.49 
#onoff#on  1  42990.95 0 0    12.00    10.00    08.00   00.00  00.00  00.00 
#onoff#on  1  42990.95 0 0    05.00   00.00 
#onoff#off 1  43010.34 0 0 221.00 868.10 1731.90  02.49 01.87 06.04 
#onoff#off 1  43010.34 0 0 1710.80 754.60 219.70  04.87 01.62 00.46 
#onoff#off 1  43010.34 0 0 146.40 54.00 13.00  00.49 00.00 00.00 
#onoff#off 1  43010.34 0 0 168.30 562.10 466.70  00.90 03.67 02.76 
#onoff#off 1  43010.34 0 0 17.10 10.00 08.90  00.30 00.00 00.30 
#onoff#off 1  43010.35 0 0 05.00  00.00 
#onoff#cal 1  43015.94 0 0 221.00 865.90 1725.80  02.14 01.76 05.98 
#onoff#cal 1  43015.94 0 0 1702.70 753.40 219.80  06.29 02.37 00.60 
#onoff#cal 1  43015.95 0 0 146.40 53.90 13.10  00.49 00.30 00.30 
#onoff#cal 1  43015.95 0 0 167.10 559.60 463.70  01.04 02.87 02.53 
#onoff#cal 1  43015.95 0 0 17.00 10.00 08.60  00.00 00.00 00.49 
#onoff#cal 1  43015.95 0 0 05.00  00.00 
#onoff#on  2  43035.62 0 0   221.50   810.80  1552.40   02.54  01.40  02.37 
#onoff#on  2  43035.62 0 0  1502.10   737.60   219.90   02.47  01.56  00.30 
#onoff#on  2  43035.62 0 0   146.50    54.00    13.00   00.50  00.00  00.00 
#onoff#on  2  43035.62 0 0    71.00   208.20   164.70   00.00  00.40  00.46 
#onoff#on  2  43035.63 0 0    12.00    10.00    08.00   00.00  00.00  00.00 
#onoff#on  2  43035.63 0 0    05.00   00.00 
#onoff#off 2  43054.94 0 0 220.90 867.70 1736.10  02.70 02.00 03.39 
#onoff#off 2  43054.94 0 0 1711.20 754.00 219.60  03.12 01.90 00.49 
#onoff#off 2  43054.94 0 0 146.50 54.00 13.00  00.50 00.00 00.00 
#onoff#off 2  43054.94 0 0 166.20 558.70 462.10  00.87 02.00 01.70 
#onoff#off 2  43054.94 0 0 17.00 10.00 08.50  00.00 00.00 00.50 
#onoff#off 2  43054.94 0 0 05.00  00.00 
#onoff#cal 2  43060.17 0 0 221.30 867.60 1733.00  02.57 01.56 04.17 
#onoff#cal 2  43060.17 0 0 1708.70 754.20 219.80  04.24 01.08 00.40 
#onoff#cal 2  43060.17 0 0 146.20 53.90 13.00  00.40 00.30 00.00 
#onoff#cal 2  43060.18 0 0 166.20 558.30 462.30  00.60 02.79 02.33 
#onoff#cal 2  43060.18 0 0 17.00 10.00 08.60  00.00 00.00 00.49 
#onoff#cal 2  43060.18 0 0 05.00  00.00 
#onoff#sefd              184.00 20.44 0.00  0.00   0.00  0.00  
#onoff#sefd              184.00 20.44 0.00  0.00   0.00  0.00  
#onoff#sefd              184.00 20.44 0.00  0.00   0.00  0.00  
#onoff#sefd              184.00 20.44 0.00  0.00   0.00  0.00  
#onoff#sefd              184.00 20.44 0.00  0.00   0.00  0.00  
#onoff#sefd              184.00 20.44 0.00  0.00   0.00  0.00  
#onoff#sefd              184.00 20.44 0.00  0.00   0.00  0.00  
#onoff#sefd              184.00 20.44 0.00  0.00   0.00  0.00  
#onoff#fluxsrc  sun      184.00 20.44 -0.50 0.00   0.50  0.00  
#onoff#fluxsrc  sun      184.00 20.44 0.00  0.00   0.00  0.00  
#onoff#fluxsrc  sun      184.00 20.44 0.00  0.00   0.00  0.00  
#onoff#fluxsrc  sun      184.00 20.44 -0.50 0.00   0.50  0.00  
#onoff#fluxsrc  sun      184.00 20.44 -0.50 -0.50  0.50  0.50  
#onoff#fluxsrc  sun      184.00 20.44 0.00  0.00   0.00  0.00  
#onoff#fluxsrc  sun      184.00 20.44 -0.50 -1.00  0.50  0.00  
#onoff#fluxsrc  sun      184.00 20.44 0.00  -1.00  0.00  0.00  
