#crossscan#source taua       053435.5 +220056.2 0000.0 2026.015.16:53:24
#crossscan#site   uclo     -0.2500  51.6133  3.00 xxxx 0  0.00  0.00
#crossscan#crossscan  hor 2 0.5 5 bbcs
#crossscan#lon  1/ 4 60823.69 -1.0  0.0 28944.7 53496.8 7237.1 13378.3
#crossscan#lon  2/ 4 60838.45 -0.5  0.0 28962.5 53476.5 7242.8 13374.1
#crossscan#lon  3/ 4 60852.94  0.0  0.0 29062.1 53745.4 7270.1 13458.1
#crossscan#lon  4/ 4 60868.26  0.5  0.0 33587.6 66983.5 8409.7 16801.6
#crossscan#lat  1/ 4 60882.37  0.0 -1.0 28880.9 53476.9 7221.5 13371.9
#crossscan#lat  2/ 4 60894.94  0.0 -0.5 28951.5 53327.6 7239.0 13333.2
#crossscan#lat  3/ 4 60907.93  0.0  0.0 29024.9 53386.8 7259.2 13358.3
#crossscan#lat  4/ 4 60920.95  0.0  0.5 29165.2 53365.6 7296.6 13363.9
