#crossscan#source taua       053436.6 +220111.8 0000.0 2026.015.16:56:33
#crossscan#site   uclo     -0.2500  51.6133  3.00 xxxx 0  0.00  0.00
#crossscan#crossscan  hor 4 0.5 5 bbcs
#crossscan#lon  1/ 8 61018.96 -2.0  0.0 28952.9 54071.6 7239.3 13534.3
#crossscan#lon  2/ 8 61032.93 -1.5  0.0 28930.3 53517.5 7234.0 13381.5
#crossscan#lon  3/ 8 61046.91 -1.0  0.0 29018.9 53407.2 7277.7 13469.8
#crossscan#lon  4/ 8 61060.92 -0.5  0.0 28917.4 52619.6 7230.2 13158.0
#crossscan#lon  5/ 8 61075.05  0.0  0.0 28990.6 52584.2 7248.6 13148.0
#crossscan#lon  6/ 8 61089.31  0.5  0.0 28991.6 52432.1 7249.4 13111.3
#crossscan#lon  7/ 8 61103.94  1.0  0.0 28989.0 52159.3 7248.5 13043.6
#crossscan#lon  8/ 8 61117.86  1.5  0.0 28891.6 52111.5 7224.3 13029.7
#crossscan#lat  1/ 8 61140.13  0.0 -2.0 28843.7 52966.7 7212.3 13245.2
#crossscan#lat  2/ 8 61153.3   0.0 -1.5 28809.2 52803.6 7203.3 13203.7
#crossscan#lat  3/ 8 61166.48  0.0 -1.0 28865.7 52875.6 7217.2 13221.3
#crossscan#lat  4/ 8 61179.93  0.0 -0.5 29055.1 53244.2 7265.4 13316.7
#crossscan#lat  5/ 8 61192.91  0.0  0.0 29163.9 53210.9 7293.6 13317.2
#crossscan#lat  6/ 8 61205.94  0.0  0.5 28968.5 52256.8 7242.5 13066.2
#crossscan#lat  7/ 8 61218.93  0.0  1.0 28886.0 52177.1 7222.5 13046.2
#crossscan#lat  8/ 8 61231.91  0.0  1.5 28924.7 52240.9 7232.3 13063.1
