#crossscan#source taua       053435.9 +220113.2 0000.0 2026.015.17:06:53
#crossscan#site   uclo     -0.2500  51.6133  3.00 xxxx 0  0.00  0.00
#crossscan#crossscan  hor 2 0.1 10 bbcs
#crossscan#lon  1/20 61642.48 -1.0  0.0 29856.4 53718.2 5198.9 9355.2
#crossscan#lon  2/20 61664.19 -0.9  0.0 29848.6 53699.0 5197.8 9353.1
#crossscan#lon  3/20 61686.47 -0.8  0.0 29940.7 54242.3 5217.1 9463.2
#crossscan#lon  4/20 61707.7  -0.7  0.0 29785.9 53796.8 5187.4 9368.3
#crossscan#lon  5/20 61728.94 -0.6  0.0 29813.4 53824.6 5192.2 9373.0
#crossscan#lon  6/20 61750.19 -0.5  0.0 29851.9 53937.5 5198.4 9394.2
#crossscan#lon  7/20 61771.76 -0.4  0.0 29851.7 53662.8 5198.5 9346.5
#crossscan#lon  8/20 61792.76 -0.3  0.0 29795.6 53649.8 5189.3 9341.5
#crossscan#lon  9/20 61813.94 -0.2  0.0 29801.0 53582.4 5189.9 9331.3
#crossscan#lon 10/20 61835.64 -0.1  0.0 29748.9 53426.0 5179.8 9303.4
#crossscan#lon 11/20 61856.32  0.0  0.0 29734.4 53457.9 5177.6 9308.2
#crossscan#lon 12/20 61877.77  0.1  0.0 29752.5 53393.3 5181.6 9296.4
#crossscan#lon 13/20 61899.36  0.2  0.0 29836.4 53618.2 5196.9 9344.5
#crossscan#lon 14/20 61921.07  0.3  0.0 29725.9 53376.1 5176.0 9295.3
#crossscan#lon 15/20 61942.77  0.4  0.0 29885.4 53669.4 5209.1 9361.7
#crossscan#lon 16/20 61964.24  0.5  0.0 29723.6 53530.2 5175.5 9323.5
#crossscan#lon 17/20 61986.19  0.6  0.0 29800.6 53758.2 5190.4 9407.5
#crossscan#lon 18/20 62009.18  0.7  0.0 29749.4 53808.2 5181.4 9413.2
#crossscan#lon 19/20 62032.23  0.8  0.0 29816.9 54048.1 5194.5 9434.7
#crossscan#lon 20/20 62055.28  0.9  0.0 30418.0 55237.2 5335.9 9707.7
#crossscan#lat  1/20 62083.84  0.0 -1.0 30409.7 56138.6 5508.8 11736.6
#crossscan#lat  2/20 62107.36  0.0 -0.9 29852.5 53385.6 5199.8 9298.9
#crossscan#lat  3/20 62129.74  0.0 -0.8 29834.8 53380.9 5196.3 9297.7
#crossscan#lat  4/20 62151.71  0.0 -0.7 29861.0 53604.8 5201.3 9349.3
#crossscan#lat  5/20 62175.52  0.0 -0.6 29761.1 53595.2 5182.3 9334.4
#crossscan#lat  6/20 62198.32  0.0 -0.5 29803.0 53615.4 5189.3 9337.2
#crossscan#lat  7/20 62221.94  0.0 -0.4 29785.4 53532.0 5187.5 9323.7
#crossscan#lat  8/20 62245.29  0.0 -0.3 29710.8 53547.5 5173.8 9324.6
#crossscan#lat  9/20 62269.54  0.0 -0.2 29964.1 54663.2 5277.7 10231.5
#crossscan#lat 10/20 62291.78  0.0 -0.1 29739.6 53765.7 5179.1 9363.0
#crossscan#lat 11/20 62313.75  0.0  0.0 29736.1 53594.4 5177.9 9331.1
#crossscan#lat 12/20 62337.69  0.0  0.1 29728.2 53465.0 5176.4 9312.0
#crossscan#lat 13/20 62360.31  0.0  0.2 29660.3 53546.5 5164.5 9324.6
#crossscan#lat 14/20 62382.15  0.0  0.3 29673.1 53569.4 5167.8 9328.4
#crossscan#lat 15/20 62403.39  0.0  0.4 29629.5 53537.0 5159.6 9324.5
#crossscan#lat 16/20 62425.13  0.0  0.5 29758.1 53973.6 5190.6 9436.9
#crossscan#lat 17/20 62446.53  0.0  0.6 29537.9 53493.4 5143.5 9317.5
#crossscan#lat 18/20 62467.71  0.0  0.7 29522.6 53443.8 5140.8 9306.7
#crossscan#lat 19/20 62488.98  0.0  0.8 29456.6 53517.6 5130.7 9319.1
#crossscan#lat 20/20 62510.8   0.0  0.9 29478.6 53386.7 5132.9 9296.9
