#crossscan#source taua       053436.0 +220103.8 0000.0 2026.015.16:46:19
#crossscan#site   uclo     -0.2500  51.6133  3.00 xxxx 0  0.00  0.00
#crossscan#crossscan  hor 2 0.5 5 if
#crossscan#lon  1/ 4 60398.1  -1.0  0.0 16540.5 20925.9 4135.2 5231.6
#crossscan#lon  2/ 4 60413.64 -0.5  0.0 16556.9 20948.6 4139.3 5237.4
#crossscan#lon  3/ 4 60428.64  0.0  0.0 16573.3 20971.2 4143.5 5244.9
#crossscan#lon  4/ 4 60444.27  0.5  0.0 16567.2 20887.9 4141.9 5222.2
#crossscan#lat  1/ 4 60460.66  0.0 -1.0 16594.9 20974.9 4148.8 5243.8
#crossscan#lat  2/ 4 60475     0.0 -0.5 16588.8 20924.4 4147.3 5231.6
#crossscan#lat  3/ 4 60489.24  0.0  0.0 16635.3 21100.1 4159.5 5290.3
#crossscan#lat  4/ 4 60503.07  0.0  0.5 16598.9 20829.3 4149.9 5207.5
