#crossscan#source taua       053437.8 +220047.5 0000.0 2026.015.18:07:37
#crossscan#site   uclo     -0.2500  51.6133  3.00 xxxx 0  0.00  0.00
#crossscan#crossscan  hor 8 0.1 10 bbcs
#crossscan#lon  1/80 65286.85 -4.0  0.0 34585.2 30930.1 6021.2 5389.0
#crossscan#lon  2/80 65309.02 -3.9  0.0 34545.5 30839.6 6014.4 5370.2
#crossscan#lon  3/80 65331.55 -3.8  0.0 34364.9 30606.3 5982.5 5328.6
#crossscan#lon  4/80 65353.59 -3.7  0.0 34292.4 30531.0 5969.8 5314.9
#crossscan#lon  5/80 65375.61 -3.6  0.0 34328.5 30651.2 5976.4 5337.5
#crossscan#lon  6/80 65397.57 -3.5  0.0 34421.3 30788.7 5994.2 5363.8
#crossscan#lon  7/80 65419.59 -3.4  0.0 34642.7 31480.2 6034.2 5505.4
#crossscan#lon  8/80 65441.37 -3.3  0.0 34274.0 30585.7 5966.5 5324.9
#crossscan#lon  9/80 65464.26 -3.2  0.0 34266.1 30581.8 5965.3 5324.3
#crossscan#lon 10/80 65487.04 -3.1  0.0 34214.6 30595.4 5956.2 5326.8
#crossscan#lon 11/80 65508.8  -3.0  0.0 34258.3 30682.7 5964.1 5342.2
#crossscan#lon 12/80 65531.04 -2.9  0.0 34193.4 30630.1 5952.6 5334.3
#crossscan#lon 13/80 65552.59 -2.8  0.0 34174.7 30507.0 5949.4 5312.1
#crossscan#lon 14/80 65574.59 -2.7  0.0 34299.6 30786.4 5975.5 5378.6
#crossscan#lon 15/80 65596.42 -2.6  0.0 34237.3 30676.8 5960.7 5342.3
#crossscan#lon 16/80 65619.25 -2.5  0.0 34184.4 30587.1 5951.4 5325.8
#crossscan#lon 17/80 65642.23 -2.4  0.0 34144.7 30580.0 5944.1 5324.6
#crossscan#lon 18/80 65665.01 -2.3  0.0 34131.4 30494.5 5941.8 5309.1
#crossscan#lon 19/80 65686.57 -2.2  0.0 34120.6 30462.1 5939.9 5303.8
#crossscan#lon 20/80 65707.72 -2.1  0.0 34128.8 30611.9 5942.0 5344.2
#crossscan#lon 21/80 65729.81 -2.0  0.0 34077.1 30399.3 5932.2 5292.1
#crossscan#lon 22/80 65752.03 -1.9  0.0 34084.1 30426.4 5933.6 5297.7
#crossscan#lon 23/80 65774.55 -1.8  0.0 34452.9 31247.6 6011.4 5485.2
#crossscan#lon 24/80 65796.59 -1.7  0.0 34144.7 30521.5 5944.5 5314.8
#crossscan#lon 25/80 65818.56 -1.6  0.0 34098.7 30419.0 5936.3 5297.3
#crossscan#lon 26/80 65840.41 -1.5  0.0 34072.3 30345.3 5931.4 5283.4
#crossscan#lon 27/80 65863.25 -1.4  0.0 34210.1 30699.4 5955.7 5350.7
#crossscan#lon 28/80 65886.05 -1.3  0.0 34269.4 30882.7 5966.7 5381.4
#crossscan#lon 29/80 65907.57 -1.2  0.0 34279.1 30714.9 5971.4 5369.2
#crossscan#lon 30/80 65929.61 -1.1  0.0 34105.6 30347.0 5937.3 5283.8
#crossscan#lon 31/80 65951.73 -1.0  0.0 34131.3 30362.0 5941.7 5285.6
#crossscan#lon 32/80 65974.02 -0.9  0.0 34131.2 30332.5 5941.7 5281.0
#crossscan#lon 33/80 65995.58 -0.8  0.0 34185.3 30492.8 5951.5 5309.6
#crossscan#lon 34/80 66017.62 -0.7  0.0 34190.5 30511.0 5952.2 5312.6
#crossscan#lon 35/80 66039.55 -0.6  0.0 34224.3 30549.1 5957.9 5318.2
#crossscan#lon 36/80 66061.52 -0.5  0.0 34259.1 30662.7 5964.2 5340.6
#crossscan#lon 37/80 66083.57 -0.4  0.0 34169.4 30410.1 5948.3 5294.2
#crossscan#lon 38/80 66105.55 -0.3  0.0 34234.2 30656.1 5959.6 5337.3
#crossscan#lon 39/80 66127.6  -0.2  0.0 34202.4 30474.2 5954.4 5305.9
#crossscan#lon 40/80 66149.38 -0.1  0.0 34434.1 30973.8 5996.9 5401.9
#crossscan#lon 41/80 66172.25  0.0  0.0 34226.2 30456.8 5958.2 5302.6
#crossscan#lon 42/80 66195.05  0.1  0.0 34200.6 30386.6 5953.8 5289.8
#crossscan#lon 43/80 66216.61  0.2  0.0 34269.9 30489.3 5966.0 5308.1
#crossscan#lon 44/80 66237.58  0.3  0.0 34279.0 30488.5 5967.5 5308.9
#crossscan#lon 45/80 66259.58  0.4  0.0 34292.1 30536.6 5969.8 5316.7
#crossscan#lon 46/80 66281.56  0.5  0.0 34354.1 30543.8 5980.8 5318.7
#crossscan#lon 47/80 66303.61  0.6  0.0 34411.0 30585.2 5990.8 5326.5
#crossscan#lon 48/80 66325.72  0.7  0.0 34404.7 30570.1 5990.1 5324.7
#crossscan#lon 49/80 66348.02  0.8  0.0 34372.2 30445.7 5983.9 5303.5
#crossscan#lon 50/80 66369.4   0.9  0.0 34499.0 30679.8 6007.4 5350.7
#crossscan#lon 51/80 66392.23  1.0  0.0 34415.6 30347.7 5991.2 5283.2
#crossscan#lon 52/80 66415.02  1.1  0.0 34437.3 30349.9 5995.1 5284.8
#crossscan#lon 53/80 66437.74  1.2  0.0 34462.3 30344.9 5999.3 5283.1
#crossscan#lon 54/80 66461.27  1.3  0.0 34473.9 30377.0 6001.3 5288.2
#crossscan#lon 55/80 66484.06  1.4  0.0 34449.3 30267.9 5997.0 5269.4
#crossscan#lon 56/80 66505.57  1.5  0.0 34561.3 30546.4 6021.1 5339.8
#crossscan#lon 57/80 66526.79  1.6  0.0 34527.1 30393.6 6010.6 5292.0
#crossscan#lon 58/80 66549.21  1.7  0.0 34464.2 30227.9 5999.6 5262.3
#crossscan#lon 59/80 66572.07  1.8  0.0 34462.5 30247.6 5999.3 5265.8
#crossscan#lon 60/80 66594.59  1.9  0.0 34541.6 30355.1 6013.3 5285.4
#crossscan#lon 61/80 66616.55  2.0  0.0 34498.4 30241.7 6005.6 5264.9
#crossscan#lon 62/80 66638.39  2.1  0.0 34459.6 30213.3 5998.9 5261.0
#crossscan#lon 63/80 66659.84  2.2  0.0 34486.4 30290.0 6003.6 5274.3
#crossscan#lon 64/80 66683.27  2.3  0.0 34491.4 30378.1 6004.5 5299.3
#crossscan#lon 65/80 66706.06  2.4  0.0 34456.5 30173.1 5998.3 5253.0
#crossscan#lon 66/80 66727.6   2.5  0.0 34423.6 30171.6 5992.6 5252.8
#crossscan#lon 67/80 66748.56  2.6  0.0 34419.2 30132.9 5991.8 5245.8
#crossscan#lon 68/80 66770.57  2.7  0.0 34541.1 30444.7 6018.3 5338.1
#crossscan#lon 69/80 66792.77  2.8  0.0 34388.1 30155.6 5986.3 5249.7
#crossscan#lon 70/80 66815.03  2.9  0.0 34451.1 30250.6 5997.6 5267.8
#crossscan#lon 71/80 66836.56  3.0  0.0 34467.9 30247.8 6000.4 5266.0
#crossscan#lon 72/80 66858.58  3.1  0.0 34439.1 30159.8 5995.2 5250.4
#crossscan#lon 73/80 66879.37  3.2  0.0 34425.6 30234.5 5993.3 5264.4
#crossscan#lon 74/80 66902.23  3.3  0.0 34422.2 30231.6 5992.4 5264.4
#crossscan#lon 75/80 66923.62  3.4  0.0 34430.1 30237.3 5993.6 5264.0
#crossscan#lon 76/80 66945.59  3.5  0.0 34429.6 30209.7 5993.6 5259.7
#crossscan#lon 77/80 66966.76  3.6  0.0 34474.3 30337.2 6002.2 5287.2
#crossscan#lon 78/80 66989.06  3.7  0.0 34410.6 30245.0 5990.3 5265.4
#crossscan#lon 79/80 67010.55  3.8  0.0 34397.0 30282.5 5988.0 5272.5
#crossscan#lon 80/80 67032.44  3.9  0.0 34345.0 30172.8 5978.9 5252.8
#crossscan#lat  1/80 67064.23  0.0 -4.0 34140.4 30274.0 5943.9 5272.3
#crossscan#lat  2/80 67086.85  0.0 -3.9 34203.3 30374.7 5955.2 5295.9
#crossscan#lat  3/80 67110.26  0.0 -3.8 34135.4 30163.2 5942.3 5250.9
#crossscan#lat  4/80 67133     0.0 -3.7 34207.8 30248.9 5955.1 5267.1
#crossscan#lat  5/80 67155.57  0.0 -3.6 34240.7 30209.4 5960.8 5259.4
#crossscan#lat  6/80 67177.6   0.0 -3.5 34260.9 30191.1 5964.3 5255.9
#crossscan#lat  7/80 67199.6   0.0 -3.4 34279.1 30185.3 5967.4 5254.9
#crossscan#lat  8/80 67221.55  0.0 -3.3 34361.5 30240.9 5981.8 5265.5
#crossscan#lat  9/80 67243.72  0.0 -3.2 34341.5 30227.7 5978.4 5262.4
#crossscan#lat 10/80 67266.01  0.0 -3.1 34418.8 30354.0 5992.2 5286.8
#crossscan#lat 11/80 67288.42  0.0 -3.0 34400.2 30264.7 5988.5 5268.8
#crossscan#lat 12/80 67311.27  0.0 -2.9 34502.9 30318.0 6006.7 5279.2
#crossscan#lat 13/80 67334     0.0 -2.8 34464.9 30305.7 5999.9 5276.1
#crossscan#lat 14/80 67356.56  0.0 -2.7 34500.8 30273.7 6006.1 5270.2
#crossscan#lat 15/80 67378.57  0.0 -2.6 34503.4 30282.1 6006.7 5272.1
#crossscan#lat 16/80 67400.62  0.0 -2.5 34508.3 30332.0 6007.8 5281.2
#crossscan#lat 17/80 67422.71  0.0 -2.4 34542.8 30279.1 6013.3 5271.6
#crossscan#lat 18/80 67444.85  0.0 -2.3 34512.3 30274.4 6008.2 5271.0
#crossscan#lat 19/80 67468.3   0.0 -2.2 34516.6 30301.8 6008.8 5275.1
#crossscan#lat 20/80 67491.26  0.0 -2.1 34570.7 30527.6 6019.3 5341.5
#crossscan#lat 21/80 67514.22  0.0 -2.0 34521.2 30331.4 6009.5 5280.2
#crossscan#lat 22/80 67537.02  0.0 -1.9 34531.6 30381.5 6011.5 5290.5
#crossscan#lat 23/80 67559.48  0.0 -1.8 34491.2 30374.0 6004.5 5288.0
#crossscan#lat 24/80 67581.88  0.0 -1.7 34485.3 30385.5 6003.3 5290.0
#crossscan#lat 25/80 67604.73  0.0 -1.6 34484.9 30411.9 6003.3 5294.6
#crossscan#lat 26/80 67627.08  0.0 -1.5 34475.1 30470.4 6002.0 5306.3
#crossscan#lat 27/80 67649.56  0.0 -1.4 34462.9 30466.4 5999.7 5304.1
#crossscan#lat 28/80 67671.6   0.0 -1.3 34432.0 30445.6 5994.0 5300.2
#crossscan#lat 29/80 67693.6   0.0 -1.2 34438.6 30504.1 5995.3 5310.8
#crossscan#lat 30/80 67715.42  0.0 -1.1 34708.1 30935.2 6210.8 5736.8
#crossscan#lat 31/80 67738.19  0.0 -1.0 34415.3 30510.1 5991.1 5311.5
#crossscan#lat 32/80 67761     0.0 -0.9 34453.2 30672.9 6000.0 5356.1
#crossscan#lat 33/80 67783.56  0.0 -0.8 34392.9 30568.3 5987.3 5321.6
#crossscan#lat 34/80 67805.57  0.0 -0.7 34392.4 30592.1 5987.2 5325.8
#crossscan#lat 35/80 67827.62  0.0 -0.6 34375.3 30593.5 5984.2 5326.5
#crossscan#lat 36/80 67849.57  0.0 -0.5 34400.4 30606.9 5989.1 5329.6
#crossscan#lat 37/80 67871.59  0.0 -0.4 34395.4 30638.5 5987.7 5334.5
#crossscan#lat 38/80 67893.62  0.0 -0.3 34348.5 30627.2 5979.4 5332.2
#crossscan#lat 39/80 67915.56  0.0 -0.2 34369.0 30620.0 5983.3 5331.1
#crossscan#lat 40/80 67937.6   0.0 -0.1 34316.5 30569.5 5974.0 5322.0
#crossscan#lat 41/80 67959.61  0.0  0.0 34240.6 30594.3 5960.7 5326.4
#crossscan#lat 42/80 67981.57  0.0  0.1 34236.1 30644.8 5959.9 5335.0
#crossscan#lat 43/80 68003.82  0.0  0.2 34285.6 30832.2 5969.4 5388.1
#crossscan#lat 44/80 68026.2   0.0  0.3 34259.8 30723.3 5964.2 5349.0
#crossscan#lat 45/80 68049.2   0.0  0.4 34235.6 30717.5 5959.8 5347.8
#crossscan#lat 46/80 68071.99  0.0  0.5 34219.3 30674.0 5957.0 5340.2
#crossscan#lat 47/80 68094.61  0.0  0.6 34222.8 30733.9 5957.7 5350.7
#crossscan#lat 48/80 68116.61  0.0  0.7 34255.0 30701.9 5963.3 5344.7
#crossscan#lat 49/80 68138.61  0.0  0.8 34253.3 30812.0 5963.4 5365.7
#crossscan#lat 50/80 68160.74  0.0  0.9 34282.4 30829.9 5968.8 5369.3
#crossscan#lat 51/80 68183     0.0  1.0 34317.1 30747.3 5974.1 5352.7
#crossscan#lat 52/80 68205.58  0.0  1.1 34304.4 30755.6 5971.9 5354.2
#crossscan#lat 53/80 68227.57  0.0  1.2 34269.6 30758.9 5965.8 5354.7
#crossscan#lat 54/80 68249.57  0.0  1.3 34272.2 30811.4 5966.4 5364.6
#crossscan#lat 55/80 68271.57  0.0  1.4 34231.6 30788.4 5959.2 5359.8
#crossscan#lat 56/80 68295.19  0.0  1.5 34236.8 31012.1 5960.3 5443.2
#crossscan#lat 57/80 68318.08  0.0  1.6 34216.8 30780.1 5956.6 5358.3
#crossscan#lat 58/80 68340.53  0.0  1.7 34242.1 30870.0 5961.1 5374.8
#crossscan#lat 59/80 68362.55  0.0  1.8 34219.7 30897.8 5957.2 5380.5
#crossscan#lat 60/80 68384.54  0.0  1.9 34266.4 30982.4 5965.5 5397.4
#crossscan#lat 61/80 68406.56  0.0  2.0 34190.6 30814.2 5952.1 5364.4
#crossscan#lat 62/80 68428.54  0.0  2.1 34205.3 30825.2 5954.5 5366.4
#crossscan#lat 63/80 68450.72  0.0  2.2 34222.5 30855.2 5957.6 5372.0
#crossscan#lat 64/80 68473     0.0  2.3 34235.4 30886.5 5959.9 5377.6
#crossscan#lat 65/80 68495.73  0.0  2.4 34221.1 30822.8 5957.5 5366.2
#crossscan#lat 66/80 68518.07  0.0  2.5 34207.6 30753.6 5955.0 5353.9
#crossscan#lat 67/80 68540.42  0.0  2.6 34198.8 30687.0 5953.4 5342.3
#crossscan#lat 68/80 68563.21  0.0  2.7 34201.4 30656.8 5953.8 5336.8
#crossscan#lat 69/80 68586.03  0.0  2.8 34234.9 30733.1 5960.1 5351.7
#crossscan#lat 70/80 68608.58  0.0  2.9 34233.6 30676.6 5959.6 5340.6
#crossscan#lat 71/80 68630.85  0.0  3.0 34323.2 30789.5 5982.0 5385.6
#crossscan#lat 72/80 68653.72  0.0  3.1 34200.4 30496.6 5953.7 5309.1
#crossscan#lat 73/80 68677.08  0.0  3.2 34526.1 31123.9 6190.0 6118.6
#crossscan#lat 74/80 68699.56  0.0  3.3 34286.2 30662.4 5970.2 5346.2
#crossscan#lat 75/80 68721.58  0.0  3.4 34168.1 30436.2 5948.1 5299.3
#crossscan#lat 76/80 68743.58  0.0  3.5 34163.4 30377.5 5947.3 5288.3
#crossscan#lat 77/80 68765.6   0.0  3.6 34206.8 30408.2 5955.1 5295.4
#crossscan#lat 78/80 68787.57  0.0  3.7 34174.5 30345.4 5949.2 5283.4
#crossscan#lat 79/80 68809.57  0.0  3.8 34195.7 30352.5 5953.3 5284.6
#crossscan#lat 80/80 68831.57  0.0  3.9 34151.6 30281.8 5945.1 5271.7
