#crossscan#source taua       053435.9 +220053.5 0000.0 2026.015.16:38:13
#crossscan#site   uclo     -0.2500  51.6133  3.00 xxxx 0  0.00  0.00
#crossscan#crossscan  hor 2 0.5 5 if
#crossscan#lon  1/ 4 59910.07 -1.0  0.0 16590.6 21095.8 4147.8 5274.1
#crossscan#lon  2/ 4 59923.58 -0.5  0.0 16597.4 21120.8 4149.4 5280.3
#crossscan#lon  3/ 4 59937.58  0.0  0.0 16638.2 21259.2 4159.7 5315.9
#crossscan#lon  4/ 4 59951.54  0.5  0.0 16617.0 21193.9 4154.4 5298.8
#crossscan#lat  1/ 4 59965.58  0.0 -1.0 16710.8 21371.4 4177.9 5345.4
#crossscan#lat  2/ 4 59978.59  0.0 -0.5 16660.5 21200.7 4165.2 5300.3
#crossscan#lat  3/ 4 59990.01  0.0  0.0 16643.9 21129.6 4161.0 5282.5
#crossscan#lat  4/ 4 60002.7   0.0  0.5 16604.4 21040.1 4151.2 5260.2
