#crossscan#source sun        194946.8 -210254.4 0000.0 2026.015.14:39:57
#crossscan#site   uclo     -0.2500  51.6133  3.00 xxxx 0  0.00  0.00
#crossscan#crossscan  hor 4 1 2 bbcs
#crossscan#lon  1/ 4 52815.62 -2.0  0.0 00792.4 00135.6 323.5 055.3
#crossscan#lon  2/ 4 52827.62 -1.0  0.0 00819.6 00155.7 334.6 063.6
#crossscan#lon  3/ 4 52839.62  0.0  0.0 00807.0 00149.1 329.5 060.9
#crossscan#lon  4/ 4 52851.63  1.0  0.0 00758.4 00120.6 309.6 049.2
#crossscan#lat  1/ 4 52863.63  0.0 -2.0 00596.0 00060.9 243.3 024.8
#crossscan#lat  2/ 4 52871.87  0.0 -1.0 00724.7 00102.0 295.9 041.6
#crossscan#lat  3/ 4 52880.92  0.0  0.0 00804.7 00146.6 328.5 059.8
#crossscan#lat  4/ 4 52890.02  0.0  1.0 00834.3 00172.1 340.6 070.3
